 2019  CRVO      {AGRIMET CORVALLIS OR Lat:44.6342 Long:-123.1897 Elev:230 Rec:MnDayMaxMinPrecDD50}
 1  1  36.5  26.1 0.01  0.0 
 1  2  43.4  26.0 0.00  0.0 
 1  3  53.5  40.4 0.02  0.5 
 1  4  48.9  42.1 0.12  0.0 
 1  5  48.5  38.2 0.03  0.0 
 1  6  44.6  35.5 0.19  0.0 
 1  7  45.0  30.6 0.01  0.0 
 1  8  44.7  39.3 0.24  0.0 
 1  9  52.0  37.6 0.37  0.1 
 1 10  58.4  43.1 0.02  2.3 
 1 11  52.2  38.6 0.00  0.2 
 1 12  51.0  30.5 0.00  0.0 
 1 13  51.3  28.8 0.00  0.0 
 1 14  48.7  26.0 0.00  0.0 
 1 15  43.6  34.8 0.00  0.0 
 1 16  42.1  32.6 0.10  0.0 
 1 17  50.8  37.1 0.29  0.0 
 1 18  51.6  40.7 0.66  0.1 
 1 19  53.7  45.6 0.07  0.9 
 1 20  45.6  40.4 0.57  0.0 
 1 21  47.3  34.9 0.01  0.0 
 1 22  47.6  39.1 0.04  0.0 
 1 23  54.2  38.2 0.22  0.5 
 1 24  51.0  33.9 0.00  0.0 
 1 25  51.2  34.6 0.00  0.0 
 1 26  40.7  31.7 0.01  0.0 
 1 27  40.2  36.8 0.00  0.0 
 1 28  52.7  37.0 0.00  0.2 
 1 29  52.2  32.5 0.00  0.1 
 1 30  51.5  27.6 0.01  0.1 
 1 31  48.4  28.7 0.00  0.0 
 2  1  50.5  37.9 0.17  0.0 
 2  2  50.1  39.4 0.04  0.0 
 2  3  45.2  36.8 0.30  0.0 
 2  4  41.8  31.1 0.05  0.0 
 2  5  37.5  28.6 0.17  0.0 
 2  6  36.4  27.2 0.00  0.0 
 2  7  36.9  26.0 0.01  0.0 
 2  8  40.3  29.4 0.15  0.0 
 2  9  40.3  29.6 0.34  0.0 
 2 10  37.2  29.1 0.01  0.0 
 2 11  44.9  37.1 0.73  0.0 
 2 12  45.4  39.0 0.70  0.0 
 2 13  44.9  39.6 0.06  0.0 
 2 14  45.5  37.7 0.25  0.0 
 2 15  47.3  39.1 0.17  0.0 
 2 16  44.9  36.3 0.33  0.0 
 2 17  40.9  31.5 0.00  0.0 
 2 18  43.8  27.6 0.01  0.0 
 2 19  43.0  35.7 0.17  0.0 
 2 20  45.1  32.8 0.37  0.0 
 2 21  46.5  29.8 0.00  0.0 
 2 22  45.7  28.8 0.21  0.0 
 2 23  44.8  34.9 0.27  0.0 
 2 24  41.4  35.8 1.03  0.0 
 2 25  36.3  29.0 0.45  0.0 
 2 26  39.8  26.3 0.01  0.0 
 2 27  35.7  26.8 0.09  0.0 
 2 28  40.0  28.7 0.06  0.0 
 3  1  52.0  32.6 0.01  0.1 
 3  2  50.1  33.5 0.00  0.0 
 3  3  45.3  29.6 0.00  0.0 
 3  4  43.0  25.3 0.00  0.0 
 3  5  40.9  26.9 0.00  0.0 
 3  6  36.4  31.4 0.18  0.0 
 3  7  46.7  31.5 0.17  0.0 
 3  8  43.5  29.9 0.28  0.0 
 3  9  44.8  34.6 0.09  0.0 
 3 10  51.5  32.3 0.00  0.1 
 3 11  59.6  27.1 0.04  1.4 
 3 12  51.2  40.2 0.38  0.1 
 3 13  53.6  34.3 0.00  0.3 
 3 14  56.9  29.5 0.00  0.9 
 3 15  60.4  30.5 0.00  1.8 
 3 16  60.1  32.5 0.00  1.8 
 3 17  67.1  38.2 0.00  5.1 
 3 18  75.4  49.5 0.00 12.4 
 3 19  74.4  51.3 0.00 12.9 
 3 20  69.3  43.7 0.00  7.3 
 3 21  56.3  40.6 0.01  1.3 
 3 22  54.2  36.6 0.22  0.5 
 3 23  54.3  40.8 0.05  0.7 
 3 24  60.8  38.5 0.00  2.6 
 3 25  50.4  45.0 0.04  0.0 
 3 26  59.5  32.1 0.01  1.6 
 3 27  54.8  40.4 0.03  0.8 
 3 28  60.8  39.0 0.18  2.7 
 3 29  61.9  40.0 0.06  3.2 
 3 30  64.5  40.0 0.00  4.3 
 3 31  67.0  34.5 0.00  4.4 
 4  1  57.0  49.7 0.65  3.3 
 4  2  60.0  51.9 0.62  6.0 
 4  3  58.6  49.0 0.00  3.8 
 4  4  58.7  46.5 0.21  3.1 
 4  5  55.2  46.8 0.46  1.6 
 4  6  53.2  43.0 1.15  0.5 
 4  7  54.9  48.0 1.10  1.8 
 4  8  57.7  48.1 0.77  3.1 
 4  9  56.0  45.1 0.01  1.7 
 4 10  53.2  45.2 0.05  0.6 
 4 11  52.6  48.1 0.20  0.8 
 4 12  60.6  43.4 0.01  3.3 
 4 13  51.0  39.0 0.09  0.1 
 4 14  53.2  39.9 0.04  0.4 
 4 15  48.4  32.9 0.24  0.0 
 4 16  61.7  42.7 0.02  3.6 
 4 17  65.8  49.0 0.01  7.4 
 4 18  77.2  43.9 0.00 11.1 
 4 19  64.7  44.9 0.28  5.4 
 4 20  60.8  44.2 0.07  3.5 
 4 21  61.8  45.7 0.00  4.3 
 4 22  67.0  39.2 0.00  5.2 
 4 23  65.8  48.4 0.01  7.2 
 4 24  64.1  43.7 0.00  4.9 
 4 25  71.2  41.8 0.00  7.7 
 4 26  67.4  39.7 0.00  5.5 
 4 27  58.6  38.2 0.00  1.8 
 4 28  64.1  34.5 0.00  3.4 
 4 29  65.4  46.4 0.00  6.3 
 4 30  67.3  45.0 0.00  6.7 
 5  1  67.8  33.0 0.00  4.6 
 5  2  63.0  31.7 0.00  2.7 
 5  3  69.3  38.7 0.00  6.1 
 5  4  71.7  42.1 0.00  8.0 
 5  5  75.1  44.0 0.00 10.1 
 5  6  79.6  42.5 0.00 11.8 
 5  7  76.2  41.0 0.00  9.8 
 5  8  74.7  40.9 0.00  9.0 
 5  9  84.1  54.3 0.00 19.2 
 5 10  83.4  44.5 0.00 14.3 
 5 11  81.0  42.8 0.00 12.6 
 5 12  73.0  41.6 0.00  8.4 
 5 13  67.7  42.2 0.00  6.2 
 5 14  61.2  50.1 0.23  5.6 
 5 15  60.0  48.2 0.07  4.2 
 5 16  61.2  50.6 0.06  5.9 
 5 17  61.9  49.8 0.08  5.8 
 5 18  67.8  48.8 0.68  8.4 
 5 19  64.5  44.7 0.04  5.3 
 5 20  66.1  48.2 0.02  7.2 
 5 21  65.5  48.6 0.11  7.1 
 5 22  69.3  47.9 0.05  8.7 
 5 23  75.0  50.1 0.01 12.5 
 5 24  64.5  46.4 0.00  5.8 
 5 25  57.1  45.6 0.46  2.2 
 5 26  69.6  46.1 0.06  8.2 
 5 27  66.0  51.6 0.00  8.8 
 5 28  67.7  51.9 0.00  9.8 
 5 29  75.4  43.1 0.00 10.0 
 5 30  77.1  45.1 0.00 11.5 
 5 31  80.3  48.1 0.00 14.2 
 6  1  80.5  46.2 0.00 13.6 
 6  2  80.0  50.0 0.00 15.0 
 6  3  74.5  43.3 0.00  9.6 
 6  4  78.9  46.1 0.00 12.7 
 6  5  70.3  46.8 0.00  8.8 
 6  6  62.6  48.5 0.00  5.6 
 6  7  64.0  44.5 0.10  5.0 
 6  8  67.5  43.8 0.00  6.5 
 6  9  81.0  48.0 0.00 14.5 
 6 10  86.3  51.8 0.00 19.1 
 6 11  92.9  60.8 0.00 26.9 
 6 12  97.2  57.3 0.00 27.2 
 6 13  85.4  54.6 0.00 20.0 
 6 14  76.5  46.7 0.00 11.8 
 6 15  78.6  48.9 0.00 13.8 
 6 16  82.6  51.8 0.00 17.2 
 6 17  82.8  51.5 0.00 17.1 
 6 18  77.2  54.1 0.00 15.6 
 6 19  71.7  44.8 0.00  8.7 
 6 20  67.2  43.5 0.00  6.2 
 6 21  71.6  45.0 0.00  8.8 
 6 22  75.4  45.6 0.00 10.8 
 6 23  72.3  47.0 0.00  9.8 
 6 24  74.5  51.0 0.00 12.8 
 6 25  72.2  48.0 0.00 10.2 
 6 26  73.1  49.6 0.00 11.3 
 6 27  63.2  48.4 0.58  5.9 
 6 28  73.5  47.7 0.00 10.7 
 6 29  78.8  46.5 0.00 12.8 
 6 30  81.0  48.2 0.00 14.6 
 7  1  71.0  51.7 0.00 11.3 
 7  2  67.8  53.9 0.00 10.8 
 7  3  74.9  54.2 0.00 14.6 
 7  4  84.1  49.4 0.00 16.8 
 7  5  76.9  48.6 0.00 12.8 
 7  6  68.5  58.2 0.00 13.4 
 7  7  77.2  50.0 0.00 13.6 
 7  8  80.6  48.7 0.00 14.7 
 7  9  71.5  55.2 0.45 13.3 
 7 10  73.3  62.1 0.08 17.7 
 7 11  81.8  55.6 0.00 18.7 
 7 12  82.4  57.5 0.00 19.9 
 7 13  82.9  57.7 0.00 20.3 
 7 14  86.2  53.1 0.00 19.7 
 7 15  75.4  60.5 0.11 17.9 
 7 16  80.3  54.9 0.00 17.6 
 7 17  76.8  53.2 0.00 15.0 
 7 18  77.1  57.5 0.00 17.2 
 7 19  76.0  52.1 0.00 14.1 
 7 20  85.3  51.2 0.00 18.3 
 7 21  85.4  51.1 0.00 18.2 
 7 22  84.8  50.0 0.00 17.4 
 7 23  77.5  50.1 0.00 13.8 
 7 24  81.1  47.5 0.00 14.4 
 7 25  90.6  54.0 0.00 22.3 
 7 26  90.5  52.7 0.00 21.6 
 7 27  81.6  53.9 0.00 17.8 
 7 28  84.8  56.5 0.00 20.6 
 7 29  81.5  49.8 0.00 15.7 
 7 30  78.3  51.1 0.00 14.7 
 7 31  84.5  49.5 0.00 17.0 
 8  1  88.2  50.5 0.00 19.4 
 8  2  81.1  55.4 0.00 18.2 
 8  3  88.5  63.7 0.00 26.1 
 8  4  91.6  58.1 0.00 24.9 
 8  5  88.8  53.8 0.00 21.3 
 8  6  83.2  54.8 0.00 19.0 
 8  7  73.7  53.4 0.00 13.6 
 8  8  71.2  60.4 0.00 15.8 
 8  9  76.0  61.1 0.00 18.5 
 8 10  73.9  53.7 0.00 13.8 
 8 11  77.5  54.7 0.00 16.1 
 8 12  83.3  49.0 0.00 16.2 
 8 13  89.2  52.1 0.00 20.6 
 8 14  88.6  53.1 0.00 20.8 
 8 15  83.5  52.8 0.00 18.1 
 8 16  79.0  53.2 0.00 16.1 
 8 17  77.1  52.7 0.00 14.9 
 8 18  82.2  55.0 0.00 18.6 
 8 19  81.4  51.4 0.00 16.4 
 8 20  83.3  49.3 0.00 16.3 
 8 21  68.6  49.3 0.11  8.9 
 8 22  75.5  54.5 0.00 15.0 
 8 23  85.1  51.9 0.00 18.5 
 8 24  83.1  49.6 0.00 16.4 
 8 25  79.6  54.3 0.00 17.0 
 8 26  85.7  52.9 0.00 19.3 
 8 27  98.6  62.2 0.00 30.4 
 8 28  95.1  51.6 0.00 23.3 
 8 29  85.6  61.7 0.00 23.6 
 8 30  79.4  58.5 0.00 19.0 
 8 31  85.0  50.0 0.00 17.5 
 9  1  82.0  56.3 0.00 19.1 
 9  2  82.8  50.4 0.00 16.6 
 9  3  82.0  50.9 0.00 16.4 
 9  4  81.2  52.6 0.00 16.9 
 9  5  91.8  59.2 0.00 25.5 
 9  6  80.5  59.3 0.00 19.9 
 9  7  68.0  58.2 0.00 13.1 
 9  8  69.7  59.2 0.33 14.4 
 9  9  66.0  56.5 0.41 11.2 
 9 10  70.3  53.8 0.03 12.1 
 9 11  74.5  53.9 0.01 14.2 
 9 12  80.5  50.2 0.00 15.3 
 9 13  76.1  59.1 0.00 17.6 
 9 14  76.8  52.2 0.00 14.5 
 9 15  60.9  54.8 0.60  7.8 
 9 16  67.0  54.4 0.00 10.7 
 9 17  62.6  54.8 0.19  8.7 
 9 18  63.8  51.5 0.37  7.6 
 9 19  69.8  48.5 0.01  9.2 
 9 20  70.8  55.5 0.01 13.2 
 9 21  71.7  52.4 0.00 12.1 
 9 22  64.1  53.6 0.36  8.9 
 9 23  69.9  51.3 0.01 10.6 
 9 24  74.8  58.4 0.00 16.6 
 9 25  71.6  55.1 0.00 13.3 
 9 26  71.7  48.5 0.00 10.2 
 9 27  65.4  46.1 0.00  6.1 
 9 28  58.5  41.4 0.20  2.1 
 9 29  59.2  39.3 0.38  2.1 
 9 30  59.2  41.1 0.00  2.4 
10  1  61.5  36.8 0.00  2.7 
10  2  57.6  34.0 0.08  1.2 
10  3  58.6  41.2 0.09  2.1 
10  4  61.9  39.9 0.41  3.2 
10  5  64.5  39.9 0.01  4.2 
10  6  66.9  45.2 0.01  6.6 
10  7  70.3  40.0 0.00  6.8 
10  8  61.3  39.1 0.08  2.9 
10  9  55.7  31.6 0.01  0.7 
10 10  61.7  36.1 0.00  2.7 
10 11  64.5  38.7 0.00  4.1 
10 12  58.3  33.0 0.01  1.4 
10 13  63.7  44.1 0.04  4.8 
10 14  62.5  40.0 0.00  3.5 
10 15  62.0  37.2 0.00  2.9 
10 16  56.9  46.4 0.43  2.3 
10 17  58.7  42.2 0.29  2.3 
10 18  58.5  42.1 0.13  2.2 
10 19  59.1  44.2 0.51  2.8 
10 20  56.3  44.1 0.13  1.6 
10 21  61.3  49.6 0.00  5.5 
10 22  67.2  51.4 0.13  9.3 
10 23  58.7  43.9 0.00  2.6 
10 24  66.0  38.0 0.01  4.6 
10 25  66.5  40.4 0.00  5.2 
10 26  55.9  36.1 0.00  0.9 
10 27  57.1  37.9 0.00  1.3 
10 28  56.1  29.4 0.00  0.7 
10 29  49.1  35.7 0.00  0.0 
10 30  53.2  31.8 0.00  0.2 
10 31  53.8  22.4 0.00  0.2 
11  1  59.7  28.5 0.00  1.5 
11  2  60.9  29.4 0.00  1.9 
11  3  61.2  29.8 0.00  2.0 
11  4  58.7  31.2 0.00  1.4 
11  5  47.2  32.7 0.01  0.0 
11  6  48.7  39.7 0.01  0.0 
11  7  57.3  34.9 0.00  1.2 
11  8  59.6  32.1 0.01  1.7 
11  9  53.2  34.9 0.00  0.3 
11 10  53.3  48.1 0.00  1.0 
11 11  62.2  42.2 0.01  3.7 
11 12  53.2  37.9 0.01  0.3 
11 13  51.4  48.0 0.00  0.3 
11 14  51.6  43.0 0.00  0.1 
11 15  58.1  43.6 0.17  2.3 
11 16  55.1  43.2 0.01  1.1 
11 17  60.5  43.9 0.01  3.3 
11 18  57.1  48.4 0.03  2.9 
11 19  56.2  43.6 0.24  1.5 
11 20  54.8  41.5 0.00  0.9 
11 21  54.8  28.6 0.00  0.4 
11 22  52.9  27.0 0.00  0.2 
11 23  46.6  27.8 0.00  0.0 
11 24  51.6  34.2 0.02  0.1 
11 25  49.2  37.1 0.16  0.0 
11 26  41.6  35.2 0.27  0.0 
11 27  44.5  36.1 0.06  0.0 
11 28  45.1  31.2 0.00  0.0 
11 29  44.5  23.9 0.00  0.0 
11 30  38.8  20.1 0.09  0.0 
12  1  41.6  33.7 0.12  0.0 
12  2  46.9  26.6 0.01  0.0 
12  3  43.4  29.2 0.00  0.0 
12  4  40.2  33.1 0.01  0.0 
12  5  48.9  33.1 0.00  0.0 
12  6  46.3  33.0 0.18  0.0 
12  7  48.0  42.0 0.30  0.0 
12  8  51.5  43.6 0.02  0.1 
12  9  47.5  43.7 0.00  0.0 
12 10  44.3  41.6 0.36  0.0 
12 11  49.1  42.6 0.28  0.0 
12 12  55.2  42.1 0.53  1.0 
12 13  50.5  37.1 0.06  0.0 
12 14  45.4  35.9 0.03  0.0 
12 15  44.5  34.8 0.00  0.0 
12 16  51.3  31.3 0.00  0.0 
12 17  39.0  29.3 0.01  0.0 
12 18  45.8  28.8 0.02  0.0 
12 19  55.2  43.2 0.35  1.1 
12 20  58.0  51.1 0.04  4.6 
12 21  50.9  42.3 1.24  0.1 
12 22  45.3  41.5 0.22  0.0 
12 23  47.4  36.0 0.20  0.0 
12 24  42.4  36.3 0.10  0.0 
12 25  46.5  36.3 0.00  0.0 
12 26  41.3  27.9 0.01  0.0 
12 27  44.5  35.3 0.05  0.0 
12 28  42.8  36.5 0.01  0.0 
12 29  45.4  39.0 0.21  0.0 
12 30  47.0  40.4 0.00  0.0 
12 31 51.33 38.90 0.36 0.07
