 2020  CRVO      {AGRIMET CORVALLIS OR Lat:44.6342 Long:-123.1897 Elev:230 Rec:MnDayMaxMinPrecDD50}
 1  1  54.6  46.1 0.15  1.2 
 1  2  51.1  42.0 0.00  0.1 
 1  3  56.7  38.3 0.10  1.2 
 1  4  49.5  38.2 0.23  0.0 
 1  5  49.4  41.5 0.39  0.0 
 1  6  49.1  43.5 0.49  0.0 
 1  7  53.0  46.0 0.20  0.6 
 1  8  47.1  37.4 0.24  0.0 
 1  9  43.4  34.1 0.00  0.0 
 1 10  48.2  38.0 0.46  0.0 
 1 11  46.6  41.0 0.44  0.0 
 1 12  47.2  37.8 0.66  0.0 
 1 13  40.2  36.6 0.46  0.0 
 1 14  40.9  29.3 0.27  0.0 
 1 15  47.7  28.3 0.37  0.0 
 1 16  44.9  30.5 0.17  0.0 
 1 17  42.1  30.8 0.16  0.0 
 1 18  49.6  38.7 0.12  0.0 
 1 19  50.8  43.8 0.00  0.0 
 1 20  47.0  42.8 0.00  0.0 
 1 21  48.6  42.5 0.54  0.0 
 1 22  52.4  44.1 0.16  0.3 
 1 23  57.7  50.9 0.48  4.3 
 1 24  55.5  46.6 0.09  1.7 
 1 25  57.4  46.9 0.29  2.6 
 1 26  54.9  45.9 0.15  1.3 
 1 27  52.0  40.8 0.44  0.2 
 1 28  51.8  46.0 0.80  0.3 
 1 29  48.5  45.5 0.38  0.0 
 1 30  54.6  44.6 0.01  1.1 
 1 31  61.8  53.4 0.00  7.6 
 2  1  56.9  40.4 0.10  1.4 
 2  2  45.8  31.7 0.00  0.0 
 2  3  46.0  29.3 0.01  0.0 
 2  4  42.7  27.0  M    0.0 
 2  5  52.2  40.0 0.11  0.2 
 2  6  58.2  47.8 0.00  3.2 
 2  7  55.7  46.1 0.10  1.7 
 2  8  48.4  34.8 0.03  0.0 
 2  9  46.5  31.5 0.00  0.0 
 2 10  47.1  30.7 0.00  0.0 
 2 11  47.0  29.2 0.01  0.0 
 2 12  48.3  31.2 0.00  0.0 
 2 13  44.5  35.5 0.10  0.0 
 2 14  49.9  34.8 0.01  0.0 
 2 15  46.6  40.0 0.66  0.0 
 2 16  51.5  38.8 0.19  0.1 
 2 17  50.0  31.8 0.00  0.0 
 2 18  49.6  33.2 0.00  0.0 
 2 19  56.4  35.1 0.00  0.9 
 2 20  54.3  33.5 0.00  0.4 
 2 21  58.4  27.3 0.00  1.1 
 2 22  56.3  27.5 0.00  0.7 
 2 23  50.2  38.0 0.08  0.0 
 2 24  51.2  33.2 0.00  0.0 
 2 25  56.4  29.6 0.00  0.8 
 2 26  57.1  38.6 0.01  1.4 
 2 27  60.0  31.8 0.00  1.8 
 2 28  53.5  31.8 0.08  0.3 
 2 29  46.8  33.3 0.23  0.0 
 3  1  48.9  29.5 0.01  0.0 
 3  2  50.7  36.3 0.00  0.0 
 3  3  60.7  44.9 0.00  3.6 
 3  4  56.0  39.4 0.00  1.1 
 3  5  61.2  32.1 0.00  2.2 
 3  6  48.3  41.3 0.25  0.0 
 3  7  46.5  32.4 0.14  0.0 
 3  8  47.8  31.7 0.00  0.0 
 3  9  54.9  29.6 0.00  0.5 
 3 10  63.3  27.0 0.00  2.4 
 3 11  56.7  31.8 0.01  0.9 
 3 12  54.1  32.0 0.00  0.4 
 3 13  40.7  34.3 0.39  0.0 
 3 14  48.1  32.9 0.32  0.0 
 3 15  52.0  32.1 0.03  0.1 
 3 16  59.3  33.7 0.01  1.7 
 3 17  60.7  32.2 0.00  2.0 
 3 18  57.5  32.1 0.00  1.1 
 3 19  63.3  29.5 0.00  2.6 
 3 20  63.8  32.6 0.00  3.0 
 3 21  60.0  33.3 0.00  1.9 
 3 22  63.2  30.5 0.00  2.7 
 3 23  51.8  41.6 0.15  0.2 
 3 24  47.9  36.9 0.32  0.0 
 3 25  50.1  33.2 0.01  0.0 
 3 26  51.5  28.3 0.01  0.1 
 3 27  50.5  38.4 0.16  0.0 
 3 28  53.0  46.0 0.22  0.6 
 3 29  58.0  47.2 0.16  2.9 
 3 30  50.2  43.2 0.67  0.0 
 3 31  50.7  38.3 0.29  0.0 
 4  1  48.2  37.1 0.22  0.0 
 4  2  51.5  33.5 0.05  0.1 
 4  3  50.6  29.1 0.02  0.0 
 4  4  45.6  35.4 0.11  0.0 
 4  5  62.3  43.0 0.03  3.9 
 4  6  59.4  42.4 0.00  2.6 
 4  7  61.0  34.9 0.00  2.3 
 4  8  67.5  37.8 0.00  5.2 
 4  9  75.0  42.1 0.00  9.5 
 4 10  70.7  36.8 0.00  6.3 
 4 11  62.5  40.2 0.00  3.5 
 4 12  64.0  35.5 0.00  3.4 
 4 13  64.4  37.3 0.00  3.8 
 4 14  68.9  32.9 0.00  5.0 
 4 15  61.5  38.5 0.00  2.9 
 4 16  69.9  44.4 0.00  7.8 
 4 17  74.1  42.3 0.00  9.1 
 4 18  53.2  41.2 0.26  0.4 
 4 19  61.7  43.6 0.01  3.8 
 4 20  69.5  34.6 0.00  5.5 
 4 21  58.5  44.1 0.00  2.5 
 4 22  60.4  44.2 0.53  3.3 
 4 23  64.2  47.9 0.00  6.2 
 4 24  64.3  49.9 0.26  7.1 
 4 25  65.0  43.8 0.07  5.3 
 4 26  67.8  34.7 0.15  4.8 
 4 27  66.1  48.3 0.02  7.2 
 4 28  73.1  48.5 0.00 10.8 
 4 29  67.4  49.4 0.00  8.4 
 4 30  63.9  43.6 0.00  4.7 
 5  1  59.8  35.8 0.09  2.0 
 5  2  58.1  42.4 0.45  2.1 
 5  3  59.5  40.2 0.08  2.3 
 5  4  68.5  37.7 0.01  5.6 
 5  5  71.0  45.3 0.00  8.6 
 5  6  62.9  44.6 0.15  4.5 
 5  7  71.7  44.2 0.00  8.6 
 5  8  81.5  55.9 0.00 18.7 
 5  9  82.8  56.9 0.00 19.9 
 5 10  81.5  48.8 0.00 15.2 
 5 11  65.0  49.0 0.00  7.0 
 5 12  61.9  48.3 0.09  5.2 
 5 13  60.9  48.5 0.09  4.8 
 5 14  59.1  49.1 0.48  4.2 
 5 15  68.5  48.4 0.00  8.5 
 5 16  64.9  51.6 0.21  8.3 
 5 17  67.5  50.6 0.04  9.0 
 5 18  60.6  50.9 0.66  5.7 
 5 19  60.4  44.9 0.12  3.5 
 5 20  58.5  50.4 0.00  4.5 
 5 21  59.2  45.8 0.02  3.2 
 5 22  60.8  40.9 0.19  2.9 
 5 23  63.8  36.4 0.00  3.5 
 5 24  73.3  42.8 0.00  8.9 
 5 25  69.2  48.1 0.00  8.7 
 5 26  73.6  50.7 0.00 12.1 
 5 27  80.1  50.5 0.00 15.3 
 5 28  86.5  51.3 0.00 18.9 
 5 29  81.4  49.8 0.00 15.6 
 5 30  59.2  52.1 0.38  5.6 
 5 31  64.2  50.6 0.01  7.4 
 6  1  70.3  43.1 0.00  7.6 
 6  2  77.9  46.5 0.00 12.4 
 6  3  74.0  47.6 0.00 10.9 
 6  4  72.1  46.0 0.00  9.4 
 6  5  69.9  53.2 0.00 11.6 
 6  6  60.7  44.2 0.13  3.5 
 6  7  63.5  45.8 0.08  5.2 
 6  8  64.1  47.4 0.10  6.0 
 6  9  64.6  50.8 0.25  7.7 
 6 10  76.6  56.0 0.00 16.3 
 6 11  73.8  55.1 0.02 14.4 
 6 12  59.7  53.5 0.18  6.6 
 6 13  61.9  50.3 0.08  6.1 
 6 14  68.0  49.2 0.03  8.7 
 6 15  62.7  53.9 0.36  8.3 
 6 16  62.6  50.9 0.46  6.8 
 6 17  72.0  46.5 0.00  9.5 
 6 18  79.2  50.2 0.00 14.7 
 6 19  83.7  50.7 0.00 17.2 
 6 20  70.1  55.3 0.13 12.7 
 6 21  75.0  53.7 0.00 14.4 
 6 22  84.0  53.6 0.00 18.8 
 6 23  90.5  59.7 0.00 25.1 
 6 24  77.7  55.1 0.00 16.4 
 6 25  82.1  53.3 0.00 17.7 
 6 26  87.9  56.3 0.00 22.1 
 6 27  72.6  56.0 0.00 14.3 
 6 28  69.0  55.0 0.00 12.0 
 6 29  73.8  47.4 0.00 10.7 
 6 30  70.2  53.1 0.00 11.7 
 7  1  68.9  51.3 0.00 10.1 
 7  2  72.8  50.1 0.00 11.4 
 7  3  73.9  46.4 0.00 10.4 
 7  4  74.2  52.9 0.00 13.6 
 7  5  74.0  52.3 0.00 13.2 
 7  6  67.0  48.5 0.00  7.8 
 7  7  70.7  53.9 0.00 12.3 
 7  8  75.6  53.5 0.00 14.5 
 7  9  78.0  49.5 0.00 13.7 
 7 10  81.0  52.3 0.00 16.7 
 7 11  76.5  47.9 0.00 12.3 
 7 12  78.0  52.6 0.00 15.3 
 7 13  80.9  52.1 0.00 16.5 
 7 14  85.6  51.4 0.00 18.5 
 7 15  89.6  56.0 0.00 22.8 
 7 16  87.4  57.5 0.00 22.5 
 7 17  80.0  53.2 0.00 16.6 
 7 18  85.5  51.4 0.00 18.5 
 7 19  91.3  56.5 0.00 23.9 
 7 20  92.7  55.2 0.00 24.0 
 7 21  93.1  55.0 0.00 24.1 #Px
 7 22  87.3  58.3  M   22.8 #PxPn
 7 23  82.8  53.5  M   18.1 #PxPn
 7 24  73.0  56.3 0.00 14.6 
 7 25  80.5  50.7 0.00 15.6 
 7 26  97.7  58.7 0.00 28.2 
 7 27  93.5  58.6 0.00 26.1 
 7 28  90.2  55.3 0.00 22.8 
 7 29  93.3  59.0 0.00 26.1 
 7 30  95.2  56.0 0.00 25.6 
 7 31  85.4  53.5 0.00 19.4 
 8  1  84.0  55.8 0.00 19.9 
 8  2  85.8  52.3 0.00 19.1 
 8  3  84.3  51.1 0.00 17.7 
 8  4  87.3  54.5 0.00 20.9 
 8  5  83.3  54.3 0.00 18.8 
 8  6  71.1  51.4 0.12 11.3 
 8  7  78.0  45.8 0.00 12.2 
 8  8  79.0  51.3 0.00 15.1 
 8  9  85.0  49.7 0.00 17.4 
 8 10  92.5  57.7 0.00 25.1 
 8 11  83.1  46.2 0.00 14.9 
 8 12  75.2  49.6 0.00 12.4 
 8 13  79.5  50.0 0.00 14.8 
 8 14  88.5  55.6 0.00 22.0 
 8 15  98.1  58.8 0.00 28.4 
 8 16  90.8  61.5 0.00 26.2 
 8 17  93.2  55.4 0.00 24.3 
 8 18  86.7  58.0 0.00 22.4 
 8 19  88.6  51.5 0.00 20.1 
 8 20  83.2  58.4 0.00 20.8 
 8 21  79.2  62.1 0.00 20.6 
 8 22  79.3  54.4 0.00 16.8 
 8 23  83.7  52.1 0.00 17.9 
 8 24  82.2  52.2 0.00 17.2 
 8 25  81.7  53.5 0.00 17.6 
 8 26  84.1  52.4 0.00 18.2 
 8 27  83.9  46.2 0.00 15.3 
 8 28  85.3  52.1 0.00 18.7 
 8 29  80.0  52.3 0.00 16.1 
 8 30  76.9  45.8 0.00 11.6 
 8 31  78.0  54.9 0.00 16.5 
 9  1  89.7  56.9 0.00 23.3 
 9  2  92.9  60.7 0.00 26.8 
 9  3  95.5  59.0 0.00 27.2 
 9  4  81.6  52.3 0.00 17.0 
 9  5  77.4  49.0 0.00 13.2 
 9  6  90.2  53.8 0.00 22.0 
 9  7  88.0  53.6 0.00 20.8 
 9  8  77.3  65.5 0.00 21.4 
 9  9  81.2  60.1 0.00 20.7 
 9 10  66.7  49.6 0.00  8.2 
 9 11  70.3  43.9 0.00  7.8 
 9 12  62.5  44.2 0.00  4.3 
 9 13  65.1  44.0 0.00  5.4 
 9 14  75.6  48.5 0.00 12.1 
 9 15  76.8  55.4 0.00 16.1 
 9 16  75.9  49.2 0.00 12.5 
 9 17  74.3  53.5 0.21 13.9 
 9 18  66.2  56.1 1.11 11.1 
 9 19  72.6  54.3 0.00 13.4 
 9 20  75.2  49.4 0.00 12.3 
 9 21  74.5  50.2 0.00 12.3 
 9 22  71.5  54.3 0.00 12.9 
 9 23  75.8  59.6 0.42 17.7 
 9 24  68.7  54.8 0.03 11.7 
 9 25  61.1  54.3 0.30  7.7 
 9 26  69.2  51.2 0.02 10.2 
 9 27  73.2  47.4 0.00 10.4 
 9 28  83.5  58.9 0.00 21.2 
 9 29  84.3  47.6 0.00 16.0 
 9 30  77.7  47.9 0.00 12.9 
10  1  75.7  50.4 0.00 13.0 
10  2  78.8  52.1 0.01 15.4 
10  3  76.9  48.0 0.00 12.5 
10  4  64.7  49.2 0.01  7.0 
10  5  71.2  53.6 0.00 12.4 
10  6  77.4  46.9 0.01 12.3 
10  7  73.4  47.5 0.00 10.5 
10  8  69.3  49.3 0.00  9.3 
10  9  71.4  49.5 0.03 10.4 
10 10  61.7  52.0 0.77  6.9 
10 11  59.6  51.7 0.40  5.7 
10 12  65.4  53.8 0.03  9.6 
10 13  65.4  49.6 0.31  7.5 
10 14  61.5  46.4 0.01  4.4 
10 15  62.7  43.5 0.00  4.2 
10 16  70.3  40.7 0.00  7.0 
10 17  68.6  51.7 0.00 10.2 
10 18  67.5  52.8 0.00 10.2 
10 19  65.4  45.6 0.00  6.0 
10 20  64.4  46.8 0.00  5.9 
10 21  59.7  41.4 0.00  2.6 
10 22  55.8  32.5 0.00  0.7 
10 23  58.9  32.3 0.00  1.5 
10 24  58.8  40.6 0.00  2.1 
10 25  50.6  33.9 0.00  0.0 
10 26  54.6  27.9 0.00  0.4 
10 27  59.1  26.5 0.00  1.3 
10 28  65.3  33.3 0.00  3.7 
10 29  52.9  35.9 0.01  0.2 
10 30  60.2  40.4 0.01  2.6 
10 31  57.7  37.9 0.01  1.5 
11  1  62.3  32.3 0.00  2.5 
11  2  64.5  32.5 0.00  3.3 
11  3  64.5  35.7 0.10  3.7 
11  4  68.2  56.7 0.00 12.4 
11  5  61.9  51.2 0.70  6.5 
11  6  53.5  41.2 0.02  0.5 
11  7  52.1  31.7 0.03  0.1 
11  8  47.8  30.0 0.00  0.0 
11  9  44.8  25.2 0.00  0.0 
11 10  49.0  38.4 0.33  0.0 
11 11  53.8  32.4 0.01  0.3 
11 12  48.1  28.9 0.05  0.0 
11 13  54.6  42.6 1.57  0.9 
11 14  49.2  39.2 1.16  0.0 
11 15  55.6  45.5 0.03  1.6 
11 16  58.7  46.4 0.51  3.1 
11 17  57.2  44.8 0.26  2.1 
11 18  51.9  43.5 0.78  0.2 
11 19  52.9  36.3 0.18  0.2 
11 20  40.0  30.8 0.01  0.0 
11 21  39.0  36.3 0.01  0.0 
11 22  43.3  34.4 0.04  0.0 
11 23  50.4  36.3 0.06  0.0 
11 24  51.2  35.9 0.21  0.1 
11 25  49.1  40.6 0.24  0.0 
11 26  51.0  33.4 0.01  0.0 
11 27  38.1  33.3 0.01  0.0 
11 28  44.3  36.1 0.00  0.0 
11 29  42.1  37.9 0.01  0.0 
11 30  53.1  33.8 0.37  0.2 
12  1  45.4  30.8 0.01  0.0 
12  2  48.0  28.3 0.01  0.0 
12  3  50.6  30.0 0.00  0.0 
12  4  49.1  27.6 0.00  0.0 
12  5  45.9  27.6 0.14  0.0 
12  6  55.8  40.4 0.03  1.1 
12  7  45.9  39.4 0.00  0.0 
12  8  53.4  34.5 0.06  0.3 
12  9  55.0  36.8 0.04  0.7 
12 10  43.7  38.2 0.13  0.0 
12 11  44.5  38.3 0.29  0.0 
12 12  42.4  35.9 0.00  0.0 
12 13  51.3  38.9 0.69  0.1 
12 14  50.0  38.7 0.06  0.0 
12 15  49.4  43.2 0.04  0.0 #Px
12 16  50.2  42.4 0.71  0.0 
12 17  50.1  38.9 0.04  0.0 
12 18  49.9  39.0 0.09  0.0 
12 19  52.6  48.0 0.77  0.7 
12 20  54.0  46.9 1.92  1.1 
12 21  58.9  44.6 0.22  2.8 
12 22  49.4  32.5 0.02  0.0 
12 23  43.4  31.6 0.01  0.0 
12 24  34.1  31.1 0.00  0.0 
12 25  48.8  32.1 0.47  0.0 
12 26  49.4  43.2 0.20  0.0 
12 27  49.9  33.9 0.01  0.0 
12 28  46.3  30.0 0.00  0.0 
12 29  35.9  26.9 0.01  0.0 
12 30  46.8  36.1 0.40  0.0 
12 31  51.3  44.6  M    0.1 #VxVn
