 2017  CRVO      {AGRIMET CORVALLIS OR Lat:44.6342 Long:-123.1897 Elev:230 Rec:MnDayMaxMinPrecDD50}
 1  1  38.6  33.0 0.35  0.0 
 1  2  34.2  29.4 0.03  0.0 
 1  3  35.4  27.2 0.00  0.0 
 1  4  35.8  25.1 0.00  0.0 
 1  5  34.3  19.9 0.00  0.0 
 1  6  35.1  15.5 0.00  0.0 
 1  7  28.3  24.6 0.00  0.0 
 1  8  35.2  27.9 1.22  0.0 
 1  9  40.2  35.3 0.62  0.0 
 1 10  38.8  33.3 1.04  0.0 
 1 11  35.5  30.8 0.10  0.0 
 1 12  33.4  26.2 0.00  0.0 
 1 13  30.2  20.5 0.00  0.0 
 1 14  31.3  20.5 0.00  0.0 
 1 15  33.1  20.9 0.00  0.0 
 1 16  38.4  24.2 0.00  0.0 
 1 17  49.3  27.4 0.49  0.0 
 1 18  53.9  44.6 0.47  0.8 
 1 19  50.2  39.7 0.11  0.0 
 1 20  51.6  37.4 0.12  0.1 
 1 21  46.8  37.8 0.44  0.0 
 1 22  50.1  36.7 0.16  0.0 
 1 23  51.0  31.0 0.01  0.0 
 1 24  47.2  28.6 0.00  0.0 
 1 25  44.6  36.3 0.01  0.0 
 1 26  52.0  36.2 0.01  0.1 
 1 27  40.8  32.1 0.00  0.0 
 1 28  38.4  33.2 0.01  0.0 
 1 29  45.0  34.3 0.00  0.0 
 1 30  47.9  37.9 0.00  0.0 
 1 31  45.8  36.4 0.04  0.0 
 2  1  41.1  34.9 0.00  0.0 
 2  2  43.1  33.8 0.01  0.0 
 2  3  45.6  30.2 0.91  0.0 
 2  4  51.9  47.0 0.62  0.4 
 2  5  47.0  37.4 2.01  0.0 
 2  6  43.6  36.3 0.27  0.0 
 2  7  40.7  35.4 0.19  0.0 
 2  8  51.1  39.1 0.83  0.1 
 2  9  58.6  46.2 0.66  3.0 
 2 10  50.2  37.4 0.15  0.0 
 2 11  50.8  34.7 0.01  0.0 
 2 12  48.0  32.4 0.00  0.0 
 2 13  54.4  33.8 0.00  0.5 
 2 14  49.6  31.0 0.04  0.0 
 2 15  55.2  44.8 0.78  1.3 
 2 16  54.4  45.8 1.39  1.1 
 2 17  53.3  41.4 0.00  0.5 
 2 18  51.6  43.7 0.16  0.2 
 2 19  50.4  39.0 0.33  0.0 
 2 20  51.6  42.4 0.74  0.1 
 2 21  46.1  39.2 0.88  0.0 
 2 22  45.8  34.0 0.10  0.0 
 2 23  44.1  32.7 0.01  0.0 
 2 24  40.4  32.2 0.10  0.0 
 2 25  46.8  33.5 0.01  0.0 
 2 26  44.0  32.8 0.26  0.0 
 2 27  43.0  32.2 0.09  0.0 
 2 28  48.2  34.8 0.13  0.0 
 3  1  51.6  38.1 0.01  0.1 
 3  2  49.4  34.3 0.01  0.0 
 3  3  49.6  42.2 0.33  0.0 
 3  4  46.9  36.4 0.09  0.0 
 3  5  43.1  33.5 0.41  0.0 
 3  6  44.0  32.6 0.73  0.0 
 3  7  48.3  40.1 0.37  0.0 
 3  8  52.3  44.2 0.16  0.3 
 3  9  58.0  50.0 0.47  4.0 
 3 10  60.1  46.7 0.01  3.8 
 3 11  57.5  42.4 0.19  1.9 
 3 12  63.0  42.9 0.00  4.2 
 3 13  57.7   0.0 0.19  0.5 
 3 14  58.0   0.0 0.61  0.6 
 3 15  55.0  46.1 0.45  1.4 
 3 16  56.4  35.6 0.00  1.0 
 3 17  52.3  36.5 0.09  0.2 
 3 18  56.2  40.6 0.30  1.2 
 3 19  54.2  34.7 0.00  0.4 
 3 20  48.4  44.1 0.20  0.0 
 3 21  62.9  44.8 0.12  4.6 
 3 22  52.7  42.8 0.09  0.4 
 3 23  55.8  33.5 0.24  0.8 
 3 24  54.4  45.3 0.00  1.1 
 3 25  53.5  43.5 0.00  0.6 
 3 26  52.5  43.1 0.25  0.3 
 3 27  52.7  43.3 0.09  0.4 
 3 28  61.6  45.9 0.05  4.3 
 3 29  53.9  45.8 0.45  1.0 
 3 30  56.9  38.8 0.01  1.3 
 3 31  56.8  32.5 0.01  1.0 
 4  1  59.0  42.5 0.04  2.5 
 4  2  55.6  40.2 0.03  1.0 
 4  3  54.4  33.6 0.00  0.5 
 4  4  56.3  37.0  M    1.0 #HxHn
 4  5  59.1  44.8 0.00  2.9 
 4  6  63.7  46.3 0.17  5.4 
 4  7  54.1  42.6 0.38  0.7 
 4  8  52.6  39.0 0.03  0.2 
 4  9  55.7  37.4 0.13  0.9 
 4 10  56.8  41.2 0.05  1.5 
 4 11  50.4  40.7 0.28  0.0 
 4 12  58.9  44.7 0.13  2.8 
 4 13  52.8  43.1 0.04  0.4 
 4 14  53.7  38.1 0.03  0.5 
 4 15  58.8  33.3 0.00  1.5 
 4 16  61.2  42.9 0.28  3.4 
 4 17  58.7  45.1 0.44  2.8 
 4 18  63.3  47.1 0.06  5.4 
 4 19  58.3  43.4 0.20  2.3 
 4 20  59.8  42.5 0.19  2.8 
 4 21  66.2  38.1 0.00  4.7 
 4 22  61.5  47.3 0.04  4.6 
 4 23  56.4  46.4 0.09  2.0 
 4 24  57.5  45.8 0.27  2.4 
 4 25  53.6  43.5 0.22  0.7 
 4 26  55.5  44.7 0.28  1.4 
 4 27  56.1  40.3 0.02  1.2 
 4 28  58.6  33.8 0.00  1.5 
 4 29  65.0  35.9 0.05  3.9 
 4 30  59.8  43.9 0.04  3.0 
 5  1  56.7  37.8 0.00  1.2 
 5  2  66.3  52.3 0.00  9.3 
 5  3  79.1  51.0 0.00 15.1 
 5  4  82.9  53.6 0.06 18.3 
 5  5  57.2  44.1 0.09  2.0 
 5  6  59.4  38.1 0.00  2.1 
 5  7  63.5  36.4 0.00  3.4 
 5  8  70.9  40.0 0.00  7.1 
 5  9  75.6  40.8 0.00  9.4 
 5 10  73.1  43.3 0.00  9.0 
 5 11  57.9  46.8 0.28  2.8 
 5 12  53.9  43.2 0.24  0.7 
 5 13  54.0  41.2 0.29  0.6 
 5 14  60.5  44.5 0.17  3.5 
 5 15  60.4  40.6 0.07  2.7 
 5 16  57.4  47.6 0.33  2.8 
 5 17  61.2  46.4 0.01  4.2 
 5 18  70.4  38.2 0.00  6.5 
 5 19  75.1  47.5 0.00 11.4 
 5 20  69.0  47.9 0.00  8.6 
 5 21  79.0  53.5 0.00 16.2 
 5 22  86.7  60.2 0.00 23.4 
 5 23  84.6  55.2 0.00 19.9 
 5 24  65.2  44.8 0.00  5.7 
 5 25  72.0  44.5 0.00  8.8 
 5 26  80.6  48.0 0.00 14.4 
 5 27  84.6  50.4 0.00 17.5 
 5 28  77.4  48.7 0.00 13.1 
 5 29  70.7  50.4 0.00 10.6 
 5 30  61.9  51.9 0.00  6.9 
 5 31  73.5  49.3 0.00 11.4 
 6  1  68.3  55.7 0.00 12.0 
 6  2  75.3  51.9 0.00 13.6 
 6  3  65.2  54.0 0.00  9.6 
 6  4  66.6  50.2 0.00  8.4 
 6  5  74.8  46.5 0.00 10.8 
 6  6  80.5  46.6 0.00 13.7 
 6  7  74.5  48.7 0.02 11.7 
 6  8  62.2  52.4 0.50  7.3 
 6  9  59.3  49.8 0.17  4.5 
 6 10  59.5  48.8 0.48  4.2 
 6 11  67.1  48.3 0.00  7.8 
 6 12  62.6  50.4 0.00  6.5 
 6 13  63.9  51.1 0.03  7.5 
 6 14  67.4  49.4 0.00  8.4 
 6 15  63.2  53.3 0.23  8.2 
 6 16  63.7  56.6 0.05 10.1 
 6 17  75.7  51.9 0.00 13.8 
 6 18  80.2  56.5 0.00 18.4 
 6 19  85.6  60.3 0.00 23.0 
 6 20  78.7  53.8 0.00 16.2 
 6 21  76.0  49.1 0.00 12.6 
 6 22  83.4  51.3 0.00 17.3 
 6 23  90.3  59.6 0.00 25.0 
 6 24  97.1  67.6 0.00 32.3 
 6 25  93.1  58.7 0.00 25.9 
 6 26  74.7  56.0 0.00 15.4 
 6 27  75.8  55.9 0.00 15.8 
 6 28  73.8  48.2 0.00 11.1 
 6 29  80.5  49.2 0.00 14.8 
 6 30  79.1  52.1 0.00 15.6 
 7  1  75.3  55.5 0.00 15.4 
 7  2  83.9  50.8 0.00 17.3 
 7  3  78.8  53.8 0.00 16.3 
 7  4  84.2  52.9 0.00 18.6 
 7  5  87.7  56.4 0.00 22.1 
 7  6  86.5  48.4 0.00 17.5 
 7  7  74.9  50.8 0.00 12.8 
 7  8  86.3  53.2 0.00 19.7 
 7  9  84.8  50.7 0.00 17.8 
 7 10  80.2  57.5 0.00 18.9 
 7 11  79.8  52.7 0.00 16.3 
 7 12  83.8  49.0 0.00 16.4 
 7 13  76.6  51.0 0.00 13.8 
 7 14  86.0  49.9 0.00 17.9 
 7 15  80.3  49.4 0.00 14.8 
 7 16  75.6  47.4 0.00 11.6 
 7 17  81.8  53.3 0.00 17.6 
 7 18  82.7  48.5 0.00 15.7 
 7 19  80.6  46.0 0.00 13.6 
 7 20  75.0  54.3 0.00 14.6 
 7 21  83.2  47.6 0.00 15.5 
 7 22  91.0  53.5 0.00 22.3 
 7 23  87.1  61.8 0.00 24.4 
 7 24  89.4  53.1 0.00 21.3 
 7 25  90.7  51.7 0.00 21.2 
 7 26  88.9  54.3 0.00 21.6 
 7 27  79.2  52.2 0.00 15.7 
 7 28  84.5  53.1 0.00 18.8 
 7 29  87.1  48.2 0.00 17.7 
 7 30  89.0  58.5 0.00 23.8 
 7 31  93.3  57.9 0.00 25.6 
 8  1  98.2  60.8 0.00 29.5 
 8  2 103.3  66.7 0.00 35.0 
 8  3 102.0  61.4 0.00 31.7 
 8  4  94.9  56.3 0.00 25.6 
 8  5  85.9  47.9 0.00 16.9 
 8  6  88.9  53.2 0.00 21.1 
 8  7  90.8  59.6 0.00 25.2 
 8  8  94.3  55.6 0.00 24.9 
 8  9  94.2  57.1 0.00 25.7 
 8 10  89.2  57.0 0.00 23.1 
 8 11  84.2  59.0 0.00 21.6 
 8 12  77.3  58.9 0.00 18.1 
 8 13  72.4  57.5 0.19 14.9 
 8 14  73.8  51.3 0.00 12.5 
 8 15  80.6  47.0 0.00 13.9 
 8 16  85.8  55.4 0.00 20.6 
 8 17  84.1  55.3 0.00 19.7 
 8 18  85.4  57.5 0.00 21.4 
 8 19  80.8  55.1 0.00 17.9 
 8 20  82.1  51.6 0.00 16.9 
 8 21  86.8  57.4 0.00 22.1 
 8 22  85.6  56.0 0.00 20.8 
 8 23  81.2  55.1 0.00 18.1 
 8 24  77.1  57.7 0.00 17.4 
 8 25  80.5  52.1 0.00 16.3 
 8 26  89.3  55.5 0.00 22.4 
 8 27  91.3  51.9 0.00 21.6 
 8 28  95.5  53.6 0.00 24.6 
 8 29  86.5  53.0 0.00 19.8 
 8 30  82.3  48.9 0.00 15.6 
 8 31  84.2  51.1 0.00 17.7 
 9  1  92.7  56.6 0.00 24.7 
 9  2  95.5  53.9 0.00 24.7 
 9  3  95.2  56.0 0.00 25.6 
 9  4  91.0  59.1 0.00 25.1 
 9  5  86.3  60.6 0.00 23.5 
 9  6  81.6  58.0 0.00 19.8 
 9  7  84.3  63.5 0.00 23.9 
 9  8  72.1  63.5 0.00 17.8 
 9  9  81.0  60.4 0.01 20.7 
 9 10  80.3  59.2 0.01 19.8 
 9 11  91.3  53.7 0.00 22.5 
 9 12  89.8  59.4 0.00 24.6 
 9 13  76.2  48.0 0.00 12.2 
 9 14  75.1  48.4 0.00 11.8 
 9 15  78.9  42.5 0.00 11.5 
 9 16  77.7  48.5 0.00 13.2 
 9 17  64.8  52.1 0.06  8.4 
 9 18  66.0  50.6 0.24  8.3 
 9 19  65.7  49.9 0.76  7.8 
 9 20  59.2  46.2 0.52  3.3 
 9 21  62.1  43.7 0.00  4.0 
 9 22  67.5  45.3 0.01  6.9 
 9 23  69.9  46.9 0.01  8.6 
 9 24  73.3  43.7 0.00  9.2 
 9 25  70.9  51.9 0.00 11.4 
 9 26  77.2  52.9 0.00 15.0 
 9 27  85.4  54.1 0.00 19.7 
 9 28  84.9  48.3 0.00 16.6 
 9 29  68.4  47.7 0.16  8.2 
 9 30  61.9  44.0 0.19  3.9 
10  1  65.6  43.6 0.05  5.5 
10  2  63.1  42.3 0.00  4.1 
10  3  70.2  47.9 0.00  9.2 
10  4  71.3  40.8 0.00  7.4 
10  5  70.8  36.5 0.00  6.3 
10  6  74.5  36.7 0.00  8.0 
10  7  63.4  50.2 0.03  6.8 
10  8  63.5  38.7 0.00  3.7 
10  9  64.3  42.8 0.00  4.8 
10 10  58.4  38.8 0.07  1.8 
10 11  56.5  43.1 0.16  1.6 
10 12  56.2  44.1 0.78  1.6 
10 13  56.0  38.7 0.16  1.0 
10 14  56.8  37.4 0.01  1.2 
10 15  62.6  36.9 0.00  3.1 
10 16  65.8  37.2 0.00  4.3 
10 17  63.2  40.6 0.01  3.9 
10 18  65.8  52.6 0.00  9.2 
10 19  57.9  47.9 0.66  3.1 
10 20  56.5  46.5 0.56  2.1 
10 21  60.0  46.0 0.86  3.6 
10 22  61.7  48.3 1.41  5.1 
10 23  65.8  47.9 0.00  7.0 
10 24  69.0  45.6 0.00  7.7 
10 25  64.0  40.6 0.00  4.2 
10 26  68.6  51.7 0.01 10.2 
10 27  71.4  45.8 0.00  9.0 
10 28  68.8  41.3 0.00  6.4 
10 29  54.9  43.6 0.02  1.1 
10 30  62.9  48.5 0.01  5.8 
10 31  61.9  34.2 0.00  2.6 
11  1  59.2  38.1 0.00  2.0 
11  2  55.2  45.9 0.07  1.4 
11  3  52.2  37.4 0.07  0.2 
11  4  47.3  33.0 0.08  0.0 
11  5  53.4  41.3 0.47  0.5 
11  6  48.8  39.7 0.01  0.0 
11  7  45.7  34.9  M    0.0 #PxPn
11  8  43.2  39.2  M    0.0 #PxPn
11  9  53.9  42.6  M    0.7 #PxPn
11 10  53.4  46.8 0.13  0.9 
11 11  56.2  47.3 0.03  2.2 
11 12  60.6  47.7 0.15  4.4 
11 13  53.5  44.2 0.62  0.7 
11 14  55.3  43.6 0.04  1.2 
11 15  53.0  43.3 1.36  0.5 
11 16  46.6  42.2 0.87  0.0 
11 17  50.3  38.1 0.49  0.0 
11 18  39.5  33.0 0.00  0.0 
11 19  50.6  34.3 0.00  0.0 
11 20  55.7  43.6 0.22  1.4 
11 21  61.2  47.2 0.21  4.5 
11 22  60.9  54.4 0.42  7.7 
11 23  61.3  45.0 0.61  3.9 
11 24  55.8  37.5 0.02  0.9 
11 25  43.8  34.4 0.10  0.0 
11 26  54.3  42.2 0.29  0.8 
11 27  51.7  37.8 0.01  0.1 
11 28  47.6  37.7 0.35  0.0 
11 29  52.0  36.4 0.00  0.1 
11 30  44.6  35.8 0.17  0.0 
12  1  50.1  42.8 0.01  0.0 
12  2  46.6  40.4 0.49  0.0 
12  3  49.7  31.5 0.02  0.0 
12  4  45.4  32.4 0.01  0.0 
12  5  47.2  34.6 0.01  0.0 
12  6  55.3  42.9 0.00  1.1 
12  7  50.7  28.8 0.00  0.0 
12  8  44.0  26.1 0.00  0.0 
12  9  42.7  24.2 0.00  0.0 
12 10  44.1  23.9 0.00  0.0 
12 11  43.1  22.2 0.00  0.0 
12 12  41.1  22.2 0.00  0.0 
12 13  45.3  26.4 0.01  0.0 
12 14  44.8  27.5 0.00  0.0 
12 15  39.0  28.3 0.01  0.0 
12 16  44.4  27.8 0.01  0.0 
12 17  47.8  36.1 0.00  0.0 
12 18  55.0  37.7 0.00  0.7 
12 19  50.6  38.9 0.90  0.0 
12 20  46.8  30.2 0.10  0.0 
12 21  31.1  25.9 0.01  0.0 
12 22  40.9  30.8 0.10  0.0 
12 23  40.8  32.5 0.21  0.0 
12 24  33.2  31.5 0.34  0.0 
12 25  50.1  31.1 0.01  0.0 
12 26  33.7  30.3 0.02  0.0 
12 27  49.6  33.2 0.04  0.0 
12 28  51.9  37.6 0.23  0.1 
12 29  55.8  48.9 0.49  2.4 
12 30  52.5  39.6 0.00  0.2 
12 31 41.13 29.62 0.01 0.00
