 2018  CRVO      {AGRIMET CORVALLIS OR Lat:44.6342 Long:-123.1897 Elev:230 Rec:MnDayMaxMinPrecDD50}
 1  1  42.4  28.9 0.00  0.0 
 1  2  43.4  33.0 0.00  0.0 
 1  3  45.6  34.1 0.00  0.0 
 1  4  44.3  35.1 0.03  0.0 
 1  5  52.3  39.8 0.43  0.2 
 1  6  48.7  33.5 0.10  0.0 
 1  7  46.8  35.2 0.02  0.0 
 1  8  44.1  35.7 0.03  0.0 
 1  9  50.8  42.8 0.58  0.0 
 1 10  49.4  39.4 0.09  0.0 
 1 11  56.5  48.9 0.83  2.8 
 1 12  53.9  48.2 0.04  1.3 
 1 13  56.6  39.4 0.00  1.3 
 1 14  47.5  36.6 0.01  0.0 
 1 15  53.1  33.3 0.12  0.2 
 1 16  55.6  41.2 0.01  1.1 
 1 17  63.0  39.1 0.16  3.5 
 1 18  50.9  41.3 0.59  0.0 
 1 19  47.2  39.5 0.15  0.0 
 1 20  48.4  37.8 0.01  0.0 
 1 21  47.4  40.3 0.12  0.0 
 1 22  50.0  36.3 0.09  0.0 
 1 23  50.1  37.0 0.67  0.0 
 1 24  50.6  39.5 0.23  0.0 
 1 25  46.6  35.8 0.71  0.0 
 1 26  47.2  37.0 0.05  0.0 
 1 27  53.8  42.7 0.09  0.7 
 1 28  60.6  45.8 0.01  3.8 
 1 29  58.4  44.9 0.29  2.6 
 1 30  49.7  40.8 0.14  0.0 
 1 31  47.0  38.6 0.04  0.0 
 2  1  51.1  39.6 0.01  0.1 
 2  2  62.6  44.0 0.00  4.2 
 2  3  60.3  45.5 0.01  3.6 
 2  4  59.6  43.3 0.01  2.8 
 2  5  60.2  38.3 0.00  2.4 
 2  6  56.4  33.7 0.01  0.9 
 2  7  55.1  38.1 0.00  0.8 
 2  8  59.1  36.8 0.01  1.9 
 2  9  50.1  39.7 0.00  0.0 
 2 10  47.6  34.6 0.00  0.0 
 2 11  44.7  31.3 0.01  0.0 
 2 12  47.4  33.8 0.00  0.0 
 2 13  51.7  23.9 0.00  0.1 
 2 14  49.5  35.6 0.32  0.0 
 2 15  49.6  31.8 0.00  0.0 
 2 16  49.9  38.6 0.01  0.0 
 2 17  53.1  42.4 0.09  0.5 
 2 18  41.5  32.6 0.25  0.0 
 2 19  40.7  31.9 0.00  0.0 
 2 20  41.0  28.1 0.20  0.0 
 2 21  38.7  30.3 0.00  0.0 
 2 22  40.7  30.8 0.07  0.0 
 2 23  39.6  22.2 0.00  0.0 
 2 24  46.1  36.5 0.27  0.0 
 2 25  46.1  34.9 0.54  0.0 
 2 26  46.5  30.3 0.02  0.0 
 2 27  45.4  29.5 0.00  0.0 
 2 28  46.6  39.5 0.43  0.0 
 3  1  43.7  37.5 0.11  0.0 
 3  2  49.9  35.1 0.00  0.0 
 3  3  48.1  31.2 0.05  0.0 
 3  4  48.6  30.3 0.02  0.0 
 3  5  54.1  33.0 0.01  0.4 
 3  6  53.5  36.9 0.00  0.4 
 3  7  50.9  33.5 0.00  0.0 
 3  8  54.8  39.2 0.26  0.8 
 3  9  51.9  39.7 0.00  0.1 
 3 10  56.6  35.4 0.00  1.0 
 3 11  63.9  38.0 0.01  3.7 
 3 12  67.7  36.0 0.00  4.9 
 3 13  57.1  43.4 0.56  1.8 
 3 14  53.8  37.7 0.03  0.4 
 3 15  51.6  32.5 0.06  0.1 
 3 16  52.0  33.9 0.01  0.1 
 3 17  51.5  36.6 0.17  0.1 
 3 18  52.4  35.9 0.00  0.2 
 3 19  54.0  31.9 0.00  0.4 
 3 20  59.8  29.9 0.01  1.6 
 3 21  53.5  36.7 0.45  0.4 
 3 22  48.4  33.9 0.89  0.0 
 3 23  42.3  35.1 0.79  0.0 
 3 24  47.6  34.6 0.19  0.0 
 3 25  49.3  33.8 0.16  0.0 
 3 26  50.2  32.9 0.04  0.0 
 3 27  56.9  41.0 0.00  1.5 
 3 28  58.9  38.6 0.00  1.9 
 3 29  59.4  37.6 0.00  2.0 
 3 30  60.2  35.2 0.00  2.1 
 3 31  61.9  39.1 0.00  3.1 
 4  1  51.5  34.4 0.04  0.1 
 4  2  52.3  34.1 0.01  0.1 
 4  3  53.1  32.2 0.00  0.2 
 4  4  62.1  44.2 0.02  4.1 
 4  5  53.3  46.2 0.35  0.8 
 4  6  69.9  52.2 0.06 11.1 
 4  7  60.6  47.2 1.14  4.2 
 4  8  53.2  43.0 0.55  0.5 
 4  9  63.3  37.8 0.01  3.5 
 4 10  60.8  47.2 0.02  4.3 
 4 11  54.8  40.9 0.33  0.8 
 4 12  50.6  39.2 0.44  0.0 
 4 13  56.0  44.9 0.07  1.6 
 4 14  57.8  48.0 0.25  3.1 
 4 15  50.7  41.5 0.70  0.0 
 4 16  48.6  38.9 0.26  0.0 
 4 17  53.0  41.0 0.16  0.4 
 4 18  58.5  40.6 0.00  2.0 
 4 19  65.2  33.8 0.00  3.7 
 4 20  66.1  34.6 0.00  4.1 
 4 21  60.3  45.3 0.00  3.5 
 4 22  62.8  37.6 0.00  3.3 
 4 23  74.0  43.9 0.00  9.6 
 4 24  79.5  48.5 0.00 14.0 
 4 25  79.0  43.9 0.00 12.0 
 4 26  72.5  45.1 0.00  9.2 
 4 27  52.9  48.6 0.28  1.0 
 4 28  58.9  45.9 0.00  3.0 
 4 29  59.8  45.3 0.05  3.3 
 4 30  57.0  45.7 0.03  2.2 
 5  1  58.2  44.4 0.00  2.4 
 5  2  71.0  39.3 0.00  7.0 
 5  3  72.0  41.7 0.00  8.0 
 5  4  64.4  49.5 0.00  7.0 
 5  5  71.7  47.8 0.00  9.8 
 5  6  65.6  47.3 0.06  6.7 
 5  7  70.1  47.0 0.00  8.7 
 5  8  72.1  44.4 0.08  8.8 
 5  9  67.0  52.5 0.00  9.7 
 5 10  63.7  43.5 0.04  4.7 
 5 11  65.7  43.3 0.00  5.5 
 5 12  77.4  45.4 0.00 11.7 
 5 13  84.5  46.1 0.00 15.5 
 5 14  82.9  47.1 0.00 15.1 
 5 15  70.2  44.9 0.00  8.1 
 5 16  66.3  53.4 0.00  9.8 
 5 17  68.0  46.4 0.00  7.5 
 5 18  69.4  45.2 0.00  7.8 
 5 19  69.8  46.2 0.00  8.3 
 5 20  69.3  44.7 0.00  7.6 
 5 21  73.4  42.2 0.00  8.8 
 5 22  82.0  46.7 0.00 14.5 
 5 23  73.9  49.6 0.01 11.8 
 5 24  71.4  54.4 0.00 12.9 
 5 25  67.4  52.2 0.00  9.8 
 5 26  65.5  41.3 0.00  5.0 
 5 27  77.4  43.8 0.00 11.2 
 5 28  73.9  46.0 0.00 10.2 
 5 29  66.4  48.5 0.00  7.5 
 5 30  66.3  40.8 0.00  5.2 
 5 31  63.9  47.9 0.00  6.0 
 6  1  72.3  36.6 0.00  7.0 
 6  2  81.1  42.1 0.00 12.4 
 6  3  72.8  47.1 0.00 10.1 
 6  4  69.2  49.0 0.00  9.1 
 6  5  71.7  38.2 0.00  7.0 
 6  6  75.7  41.3 0.00  9.6 
 6  7  70.8  49.5 0.00 10.2 
 6  8  67.3  46.8 0.40  7.3 
 6  9  62.6  46.6 0.04  5.0 
 6 10  56.8  47.4 0.25  2.4 
 6 11  70.2  50.7 0.06 10.5 
 6 12  80.1  46.0 0.00 13.3 
 6 13  65.3  49.5 0.00  7.4 
 6 14  67.6  50.3 0.00  8.9 
 6 15  70.8  49.1 0.00 10.0 
 6 16  77.0  50.8 0.00 13.9 
 6 17  87.2  57.2 0.01 22.2 
 6 18  82.6  53.8 0.01 18.2 
 6 19  89.1  49.1 0.00 19.1 
 6 20  82.7  54.6 0.00 18.6 
 6 21  76.0  56.4 0.00 16.2 
 6 22  77.0  56.4 0.00 16.7 
 6 23  76.8  55.4 0.00 16.1 
 6 24  89.6  54.6 0.00 22.1 
 6 25  71.8  48.0 0.00 10.0 
 6 26  76.4  43.5 0.00 10.6 
 6 27  77.2  48.5 0.00 12.9 
 6 28  75.4  43.3 0.00 10.1 
 6 29  81.5  44.2 0.00 13.3 
 6 30  83.7  48.1 0.00 15.9 
 7  1  79.2  56.0 0.00 17.6 
 7  2  71.8  47.9 0.00 10.0 
 7  3  75.8  41.8 0.00  9.8 
 7  4  73.1  56.5 0.00 14.8 
 7  5  85.4  48.5 0.00 17.0 
 7  6  77.2  50.4 0.00 13.8 
 7  7  80.8  48.9 0.00 14.9 
 7  8  81.9  53.1 0.00 17.5 
 7  9  70.1  49.2 0.00  9.7 
 7 10  80.2  52.1 0.00 16.1 
 7 11  88.3  55.3 0.00 21.8 
 7 12  97.3  63.3 0.00 30.3 
 7 13  93.3  61.3 0.00 27.3 
 7 14  92.2  54.3 0.00 23.2 
 7 15  96.4  54.7 0.00 25.5 
 7 16  95.9  55.9 0.00 25.9 
 7 17  89.2  53.2 0.00 21.2 
 7 18  86.6  50.6 0.00 18.6 
 7 19  75.8  52.8 0.00 14.3 
 7 20  79.5  47.7 0.00 13.7 
 7 21  81.0  48.6 0.00 14.8 
 7 22  90.7  53.4 0.00 22.1 
 7 23  92.8  50.7 0.00 21.7 
 7 24  95.4  52.7 0.00 24.1 
 7 25  96.3  52.8 0.00 24.6 
 7 26  96.0  54.9 0.00 25.4 
 7 27  90.1  50.5 0.00 20.3 
 7 28  90.4  49.0 0.00 19.7 
 7 29  96.8  54.7 0.00 25.8 
 7 30  87.6  56.1 0.00 21.8 
 7 31  89.4  52.3 0.00 20.9 
 8  1  87.1  49.3 0.00 18.2 
 8  2  75.2  50.4 0.00 12.8 
 8  3  77.6  53.7 0.00 15.7 
 8  4  85.4  55.5 0.00 20.4 
 8  5  88.4  49.0 0.00 18.7 
 8  6  88.8  54.3 0.00 21.5 
 8  7  93.4  54.9 0.00 24.2 
 8  8  92.4  55.1 0.00 23.8 
 8  9  95.2  53.8 0.00 24.5 
 8 10  88.3  59.4 0.00 23.9 
 8 11  78.3  56.6 0.00 17.4 
 8 12  80.5  48.8 0.00 14.7 
 8 13  87.9  56.0 0.00 21.9 
 8 14  91.7  53.8 0.00 22.8 
 8 15  85.1  52.3 0.00 18.7 
 8 16  82.3  53.8 0.00 18.1 
 8 17  81.8  49.0 0.00 15.4 
 8 18  86.0  50.4 0.00 18.2 
 8 19  86.8  49.8 0.00 18.3 
 8 20  81.2  50.6 0.00 15.9 
 8 21  92.6  61.5 0.00 27.1 
 8 22  90.3  52.6 0.00 21.5 
 8 23  66.9  47.2 0.00  7.3 
 8 24  73.0  47.9 0.00 10.6 
 8 25  74.9  47.1 0.00 11.2 
 8 26  70.7  53.8 0.00 12.3 
 8 27  76.9  59.5 0.00 18.2 
 8 28  87.8  57.5 0.00 22.6 
 8 29  84.4  45.0 0.00 15.0 
 8 30  72.2  51.8 0.00 12.0 
 8 31  77.8  50.5 0.00 14.1 
 9  1  75.3  51.4 0.00 13.4 
 9  2  82.6  50.8 0.00 16.7 
 9  3  79.1  51.8 0.00 15.4 
 9  4  81.1  46.7 0.00 14.0 
 9  5  88.2  48.1 0.00 18.2 
 9  6  84.2  46.6 0.00 15.6 
 9  7  82.2  43.3 0.00 13.3 
 9  8  76.2  51.5 0.00 13.8 
 9  9  79.2  43.5 0.00 12.0 
 9 10  71.8  54.9 0.01 13.4 #Px
 9 11  68.0  52.4 0.40 10.2 
 9 12  64.0  49.4 0.44  6.7 
 9 13  66.8  47.9 0.03  7.5 
 9 14  69.1  45.0 0.00  7.6 
 9 15  66.2  44.3 0.03  6.0 
 9 16  67.2  53.6 0.08 10.4 
 9 17  67.7  46.5 0.00  7.4 
 9 18  71.3  43.1 0.00  8.0 
 9 19  72.3  40.2 0.00  7.7 
 9 20  73.1  43.6 0.00  9.0 
 9 21  76.4  44.1 0.00 10.8 
 9 22  68.9  49.0 0.02  9.0 
 9 23  69.5  40.8 0.00  6.6 
 9 24  71.6  43.1 0.00  8.2 
 9 25  80.8  49.6 0.00 15.2 
 9 26  84.0  49.3 0.00 16.7 
 9 27  84.1  46.6 0.00 15.5 
 9 28  85.7  45.3 0.00 15.8 
 9 29  67.6  52.6 0.00 10.1 
 9 30  72.1  52.8 0.00 12.5 
10  1  74.2  57.2 0.00 15.7 
10  2  72.2  43.7 0.00  8.6 
10  3  66.7  37.7 0.00  4.8 
10  4  65.9  43.6 0.00  5.6 
10  5  56.0  40.0 0.23  1.1 
10  6  64.1  48.0 0.05  6.2 
10  7  57.4  41.9 0.05  1.8 
10  8  64.9  52.8 0.03  8.8 
10  9  65.9  47.0 0.00  6.7 
10 10  65.3  41.1 0.00  4.9 
10 11  69.0  49.1 0.00  9.1 
10 12  71.4  38.5 0.00  7.0 
10 13  71.6  43.9 0.00  8.4 
10 14  73.0  47.4 0.00 10.3 
10 15  74.6  40.0 0.00  8.8 
10 16  79.2  34.2 0.00  9.5 
10 17  76.7  39.0 0.00  9.4 
10 18  73.7  33.8 0.00  7.0 
10 19  72.1  33.9 0.00  6.4 
10 20  70.8  40.3 0.00  7.1 
10 21  69.0  34.5 0.00  5.2 
10 22  67.8  37.1 0.00  5.2 
10 23  59.1  38.0 0.00  1.9 
10 24  62.1  47.6 0.00  5.0 
10 25  59.2  44.2 0.05  2.8 
10 26  63.5  53.8 0.12  8.6 
10 27  65.4  52.6 0.47  9.0 
10 28  63.6  49.0 0.31  6.3 
10 29  59.8  42.3 0.34  2.8 
10 30  54.1  40.2 0.01  0.6 
10 31  57.5  49.9 0.11  3.7 
11  1  64.7  56.5 0.05 10.6 
11  2  64.7  48.1 0.07  6.5 
11  3  57.4  44.4 0.00  2.1 
11  4  62.8  51.5 0.13  7.1 
11  5  59.2  45.8 0.05  3.2 
11  6  59.6  38.1 0.00  2.1 
11  7  53.5  34.1 0.01  0.3 
11  8  51.2  34.4 0.00  0.0 
11  9  46.5  27.8 0.01  0.0 
11 10  49.3  29.9 0.00  0.0 
11 11  56.9  32.2 0.00  1.0 
11 12  56.9  34.7 0.00  1.1 
11 13  48.9  29.9 0.00  0.0 
11 14  52.5  29.8 0.00  0.1 
11 15  54.9  36.7 0.00  0.7 
11 16  60.1  37.8 0.00  2.3 
11 17  60.6  45.4 0.00  3.7 
11 18  55.4  31.2 0.00  0.6 
11 19  54.1  26.2 0.00  0.3 
11 20  50.0  26.8 0.00  0.0 
11 21  50.1  37.8 0.26  0.0 
11 22  50.4  44.3 0.58  0.0 
11 23  51.9  43.4 0.50  0.2 
11 24  46.3  33.8 0.01  0.0 
11 25  45.5  40.4 0.01  0.0 
11 26  57.3  39.7 0.01  1.5 
11 27  60.4  46.5 1.03  3.9 
11 28  54.7  45.7 1.00  1.2 
11 29  50.6  43.8 0.01  0.0 
11 30  49.3  40.4 0.50  0.0 
12  1  44.2  37.9 0.06  0.0 
12  2  49.7  34.3 0.02  0.0 
12  3  44.7  32.3 0.00  0.0 
12  4  49.4  36.0 0.00  0.0 
12  5  46.3  31.8 0.00  0.0 
12  6  44.3  32.1 0.00  0.0 
12  7  38.3  25.5 0.07  0.0 
12  8  40.7  34.8 0.08  0.0 
12  9  39.8  36.1 0.54  0.0 
12 10  49.4  35.7 0.01  0.0 
12 11  50.8  37.7 0.60  0.0 
12 12  52.1  37.1 0.03  0.1 
12 13  52.9  34.5 0.00  0.2 
12 14  53.7  31.3 0.17  0.3 
12 15  45.4  36.1 0.01  0.0 
12 16  50.2  41.3 0.34  0.0 
12 17  51.0  37.1 0.18  0.0 
12 18  57.7  44.4 1.31  2.2 
12 19  52.3  42.8 0.00  0.3 
12 20  53.9  39.7 0.14  0.5 
12 21  46.8  30.9 0.10  0.0 
12 22  43.9  28.4 0.17  0.0 
12 23  51.9  44.0 0.62  0.2 
12 24  47.8  44.6 0.09  0.0 
12 25  46.7  39.3 0.01  0.0 
12 26  45.9  36.0 0.23  0.0 
12 27  49.9  35.2 0.01  0.0 
12 28  46.4  40.2 0.03  0.0 
12 29  52.3  44.9 0.50  0.3 
12 30  50.3  32.8 0.00  0.0 
12 31 44.23 29.15 0.01 0.00
