 2013  CRVO      {AGRIMET CORVALLIS OR Lat:44.6342 Long:-123.1897 Elev:230 Rec:MnDayMaxMinPrecDD50}
1 1 39.01 28.93 0.00 0.00 
1 2 41.63 27.56 0.00 0.00 
1 3 38.31 26.42 0.00 0.00 
1 4 48.34 35.34 0.00 0.00 
1 5 41.01 36.55 0.00 0.00 
1 6 46.17 36.72 0.01 0.00 
1 7 54.71 44.77 0.16 1.12 
1 8 54.00 45.86 0.02 0.98 
1 9 52.35 35.70 0.19 0.17 
1 10 42.65 31.10 0.06 0.00 
1 11 39.67 27.70 0.01 0.00 
1 12 30.61 23.28 0.00 0.00 
1 13 29.21 26.94 0.00 0.00 
1 14 35.20 26.43 0.00 0.00 
1 15 38.36 32.21 0.00 0.00 
1 16 36.07 31.79 0.00 0.00 
1 17 33.84 31.35 0.01 0.00 
1 18 34.64 30.07 0.00 0.00 
1 19 31.50 27.20 0.00 0.00 
1 20 31.80 27.57 0.00 0.00 
1 21 30.36 26.47 0.00 0.00 
1 22 31.67 26.51 0.01 0.00 
1 23 35.95 31.34 0.33 0.00 
1 24 40.30 31.80 0.25 0.00 
1 25 53.56 34.59 0.13 0.33 
1 26 46.99 33.90 0.24 0.00 
1 27 42.82 33.72 0.10 0.00 
1 28 44.79 37.82 0.06 0.00 
1 29 47.35 42.63 0.03 0.00 
1 30 50.27 41.37 0.01 0.00 
1 31 53.53 41.56 0.00 0.52 
2 1 52.57 36.03 0.01 0.20 
2 2 41.42 33.72 0.01 0.00 
2 3 47.76 36.67 0.00 0.00 
2 4 51.12 39.74 0.00 0.06 
2 5 51.33 41.43 0.27 0.09 
2 6 50.82 41.34 0.08 0.04 
2 7 46.52 34.49 0.02 0.00 
2 8 45.93 33.30 0.00 0.00 
2 9 44.96 35.80 0.03 0.00 
2 10 45.64 42.05 0.04 0.00 
2 11 48.06 40.71 0.00 0.00 
2 12 54.83 44.56 0.00 1.14 
2 13 53.03 46.30 0.00 0.68 
2 14 56.69 34.62 0.00 1.01 
2 15 55.30 40.17 0.00 0.93 
2 16 53.28 37.03 0.01 0.33 
2 17 47.32 34.54 0.00 0.00 
2 18 47.16 33.73 0.01 0.00 
2 19 49.60 37.68 0.07 0.00 
2 20 48.74 34.65 0.07 0.00 
2 21 45.50 32.91 0.04 0.00 
2 22 46.26 38.72 0.55 0.00 
2 23 49.15 32.64 0.09 0.00 
2 24 51.26 33.13 0.00 0.04 
2 25 49.08 36.60 0.25 0.00 
2 26 48.95 30.36 0.00 0.00 
2 27 51.34 36.96 0.05 0.06 
2 28 56.96 46.36 0.01 2.28 
3 1 61.09 47.61 0.00 4.56 
3 2 54.66 45.58 0.00 1.20 
3 3 49.61 32.74 0.00 0.00 
3 4 54.92 33.59 0.00 0.57 
3 5 47.67 34.59 0.40 0.00 
3 6 47.96 41.00 0.35 0.00 
3 7 55.09 30.41 0.00 0.52 
3 8 56.03 31.14 0.00 0.73 
3 9 59.46 29.56 0.00 1.50 
3 10 55.13 33.15 0.01 0.60 
3 11 58.53 46.02 0.00 2.91 
3 12 60.69 41.68 0.00 3.01 
3 13 64.99 44.25 0.01 5.42 
3 14 57.38 43.85 0.00 2.01 
3 15 63.10 49.34 0.00 6.24 
3 16 50.34 42.21 0.11 0.01 
3 17 49.19 33.94 0.00 0.00 
3 18 53.57 30.03 0.00 0.27 
3 19 48.41 38.63 0.60 0.00 
3 20 52.38 38.49 0.46 0.20 
3 21 48.51 35.81 0.10 0.00 
3 22 46.55 30.92 0.03 0.00 
3 23 48.72 31.77 0.00 0.00 
3 24 54.06 37.55 0.00 0.50 
3 25 57.29 40.51 0.00 1.58 
3 26 54.99 44.22 0.03 1.16 
3 27 62.43 40.16 0.12 3.47 
3 28 63.38 45.80 0.05 5.09 
3 29 66.52 47.81 0.02 7.29 
3 30 72.20 46.03 0.00 9.42 
3 31 71.70 46.41 0.00 9.31 
4 1 61.12 49.15 0.00 5.17 
4 2 67.63 44.92 0.00 6.84 
4 3 62.97 40.14 0.00 3.68 
4 4 62.00 52.43 0.12 7.22 
4 5 57.76 51.31 0.19 4.53 
4 6 57.77 47.84 0.86 3.04 
4 7 52.70 41.65 0.12 0.33 
4 8 54.01 35.53 0.09 0.44 
4 9 59.73 38.45 0.00 2.22 
4 10 60.11 40.45 0.05 2.60 
4 11 57.04 35.14 0.00 1.13 
4 12 57.47 37.83 0.04 1.42 
4 13 50.49 38.92 0.11 0.01 
4 14 48.08 37.68 0.32 0.00 
4 15 54.30 37.40 0.02 0.55 
4 16 57.79 34.75 0.00 1.32 
4 17 57.04 33.65 0.00 1.06 
4 18 62.07 40.91 0.01 3.44 
4 19 59.26 48.97 0.14 4.17 
4 20 59.85 42.41 0.00 2.78 
4 21 57.30 39.84 0.00 1.53 
4 22 64.30 43.09 0.00 4.82 
4 23 68.42 42.58 0.00 6.57 
4 24 72.20 47.71 0.00 10.06 
4 25 75.10 40.61 0.00 9.13 
4 26 77.80 41.19 0.00 10.56 
4 27 72.60 41.30 0.00 8.16 
4 28 66.92 51.23 0.00 9.08 
4 29 59.92 38.19 0.01 2.26 
4 30 57.30 30.72 0.00 1.00 
5 1 67.11 38.68 0.00 5.15 
5 2 75.90 46.83 0.00 11.54 
5 3 77.60 47.33 0.00 12.58 
5 4 82.00 55.07 0.00 18.53 
5 5 83.90 54.75 0.00 19.33 
5 6 78.80 48.73 0.00 13.79 
5 7 72.70 43.67 0.00 8.88 
5 8 69.41 41.03 0.00 6.64 
5 9 78.60 43.29 0.00 11.58 
5 10 81.30 47.61 0.00 14.54 
5 11 83.00 52.33 0.00 17.66 
5 12 73.70 54.75 0.00 14.22 
5 13 67.32 48.28 0.01 7.88 
5 14 67.23 43.54 0.00 6.27 
5 15 60.62 45.61 0.08 3.76 
5 16 61.80 49.81 0.09 5.81 
5 17 63.88 45.46 0.00 5.23 
5 18 60.90 46.03 0.05 3.99 
5 19 66.97 50.22 0.00 8.59 
5 20 73.10 45.54 0.00 9.68 
5 21 53.09 41.13 0.63 0.40 
5 22 51.78 41.43 0.11 0.15 
5 23 54.90 45.86 0.32 1.33 
5 24 58.01 47.18 0.04 2.96 
5 25 67.06 43.58 0.10 6.20 
5 26 62.95 51.35 0.09 7.15 
5 27 65.42 50.13 0.37 7.78 
5 28 63.23 51.96 0.19 7.59 
5 29 63.02 49.84 0.14 6.43 
5 30 62.47 48.51 0.04 5.57 
5 31 67.14 43.10 0.00 6.11 
6 1 75.20 42.96 0.00 9.85 
6 2 71.20 52.48 0.00 11.84 
6 3 74.40 46.73 0.00 10.76 
6 4 79.80 48.72 0.00 14.29 
6 5 82.40 51.05 0.00 16.72 
6 6 82.10 54.77 0.00 18.44 
6 7 81.20 48.80 0.00 15.02 
6 8 79.10 50.69 0.00 14.89 
6 9 73.90 49.97 0.00 11.94 
6 10 70.30 47.55 0.00 9.06 
6 11 64.89 47.75 0.00 6.47 
6 12 63.78 42.47 0.00 4.46 
6 13 65.09 49.04 0.22 7.09 
6 14 68.82 42.79 0.01 6.80 
6 15 77.58 48.61 0.00 13.13 
6 16 74.61 45.56 0.00 10.42 
6 17 74.44 45.44 0.00 10.30 
6 18 66.99 44.70 0.01 6.48 
6 19 63.99 47.38 0.09 5.89 
6 20 66.17 47.51 0.26 7.01 
6 21 72.25 50.47 0.00 11.36 
6 22 79.70 50.91 0.00 15.31 
6 23 72.43 58.49 0.19 15.46 
6 24 65.80 55.65 0.05 10.72 
6 25 66.35 56.31 0.43 11.33 
6 26 71.73 58.20 0.17 14.97 
6 27 80.30 58.14 0.00 19.22 
6 28 88.90 57.21 0.00 23.06 
6 29 86.60 59.81 0.00 23.20 
6 30 89.92 59.49 0.00 24.70 #Px 
7 1 89.70 60.22 0.00 24.96 
7 2 91.40 60.75 0.00 26.08 
7 3 85.60 58.39 0.00 22.00 
7 4 77.76 51.60 0.00 14.68 
7 5 77.10 47.36 0.00 12.35 
7 6 78.67 50.29 0.00 14.48 
7 7 81.50 50.41 0.00 15.95 
7 8 82.90 49.12 0.00 16.02 
7 9 89.90 56.78 0.00 23.34 
7 10 84.40 53.55 0.00 18.97 
7 11 77.65 51.07 0.00 14.36 
7 12 75.09 48.47 0.00 11.82 
7 13 80.90 52.61 0.00 16.75 
7 14 88.20 54.10 0.00 21.15 
7 15 86.40 54.15 0.00 20.28 
7 16 82.00 59.79 0.00 20.89 
7 17 79.37 59.58 0.00 19.47 
7 18 85.30 50.82 0.00 18.06 
7 19 86.40 50.46 0.00 18.43 
7 20 83.30 51.42 0.00 17.36 
7 21 86.60 50.70 0.00 18.65 
7 22 86.00 53.12 0.00 19.56 
7 23 92.90 56.28 0.00 24.59 
7 24 92.30 58.68 0.00 25.49 
7 25 91.80 59.78 0.00 25.79 
7 26 92.30 55.23 0.00 23.77 
7 27 82.20 51.10 0.00 16.65 
7 28 78.00 43.96 0.00 11.52 
7 29 78.10 49.80 0.00 13.95 
7 30 81.80 46.71 0.00 14.41 
7 31 76.60 52.76 0.00 14.68 
8 1 66.44 59.04 0.00 12.74 
8 2 74.60 55.68 0.00 15.14 
8 3 82.90 53.03 0.00 17.97 
8 4 89.60 56.90 0.00 23.25 
8 5 90.10 53.42 0.00 21.76 
8 6 92.80 53 0.00 0.00 In
8 7 74.31 53.96 0.00 14.14 
8 8 84.90 51.54 0.00 18.22 
8 9 84.70 61.99 0.00 23.34 
8 10 76.85 54.93 0.01 15.89 
8 11 76.36 55.24 0.00 15.80 
8 12 76.54 55.91 0.00 16.22 
8 13 85.00 45.00 0.00 15.31 
8 14 85.80 49.48 0.00 17.64 
8 15 78.58 64.17 0.00 21.38 
8 16 83.70 59.21 0.00 21.45 
8 17 84.00 51.66 0.00 17.83 
8 18 85.50 51.37 0.00 18.44 
8 19 85.40 58.41 0.00 21.91 
8 20 84.40 54.57 0.00 19.48 
8 21 87.90 54.56 0.00 21.23 
8 22 83.00 57.91 0.02 20.45 
8 23 75.51 50.32 0.01 12.92 
8 24 76.83 58.29 0.00 17.56 
8 25 68.08 52.53 0.06 10.30 
8 26 78.86 49.98 0.00 14.42 
8 27 83.10 61.07 0.00 22.08 
8 28 80.90 59.75 0.03 20.33 
8 29 75.11 62.78 0.13 18.94 
8 30 83.50 57.49 0.00 20.50 
8 31 88.50 56.82 0.00 22.66 
9 1 84.80 51.48 0.00 18.14 
9 2 78.60 61.06 0.00 19.83 
9 3 80.50 60.23 0.00 20.36 
9 4 76.12 56.70 0.00 16.41 
9 5 69.42 58.84 2.17 14.13 
9 6 71.82 57.26 0.35 14.54 
9 7 77.65 53.64 0.00 15.65 
9 8 84.30 57.88 0.00 21.09 
9 9 85.40 59.69 0.00 22.55 
9 10 89.10 60.77 0.00 24.94 
9 11 90.10 58.09 0.00 24.09 
9 12 81.60 54.94 0.00 18.27 
9 13 78.83 53.73 0.00 16.28 
9 14 75.63 58.90 0.00 17.27 
9 15 67.96 57.49 0.00 12.72 
9 16 71.71 58.12 0.00 14.91 
9 17 70.57 57.33 0.00 13.95 
9 18 73.32 51.08 0.00 12.20 
9 19 77.87 43.67 0.00 11.36 
9 20 71.90 46.04 0.10 9.27 
9 21 65.18 51.75 0.04 8.47 
9 22 61.14 49.88 0.10 5.51 
9 23 64.54 54.02 0.14 9.28 
9 24 60.09 51.04 0.29 5.56 
9 25 61.47 48.98 0.06 5.27 
9 26 65.96 45.08 0.02 6.10 
9 27 55.56 43.20 0.16 1.25 
9 28 63.93 52.93 1.00 8.43 
9 29 57.01 52.81 1.27 4.91 
9 30 59.64 50.13 0.44 4.89 
10 1 60.59 43.02 0.45 3.19 
10 2 56.36 40.11 0.14 1.24 
10 3 58.80 40.60 0.01 2.13 
10 4 61.20 38.47 0.00 2.76 
10 5 67.11 37.93 0.01 5.02 
10 6 61 42.66 0.01 0.00 
10 7 55.87 42 0.00 0.00 In
10 8 57.32 43.32 0.00 1.91 
10 9 60.88 40.52 0.01 2.91 
10 10 62.33 41.82 0.00 3.71 
10 11 59.33 44.10 0.00 2.86 
10 12 57.54 45.53 0.01 2.37 
10 13 60.04 42.55 0.00 2.88 
10 14 62.08 41.03 0.00 3.47 
10 15 66.13 46.80 0.01 6.73 
10 16 66.27 37.01 0.00 4.52 
10 17 62.05 37.14 0.00 2.91 
10 18 68.47 35.62 0.00 5.19 
10 19 68 35.98 0.01 0.00 
10 20 68 39.32 0.00 0.00 
10 21 68.28 39.32 0.01 5.77 
10 22 70.89 42.78 0.01 7.76 
10 23 67.90 43.08 0.01 6.45 
10 24 62.14 41.32 0.01 3.54 
10 25 52.03 47.28 0.01 0.43 
10 26 51.37 49.29 0.00 0.45 
10 27 56.97 48.61 0.00 2.91 
10 28 58.32 44.06 0.00 2.43 
10 29 57.29 29.35 0.00 0.95 
10 30 59.62 29.12 0.00 1.52 
10 31 56.71 45.62 0.01 2.03 
11 1 56.94 48.99 0.00 3.03 
11 2 55.31 42.00 0.45 1.06 
11 3 50.48 40.19 0.04 0.01 
11 4 50.77 43.41 0.09 0.04 
11 5 54.17 48.16 0.27 1.45 
11 6 56.83 51.06 0.03 3.95 
11 7 55.61 45.46 0.24 1.55 
11 8 53.39 44.92 0.03 0.68 
11 9 54 42 0.0 0.0 IxIn
11 10 55.50 39.82 0.00 0.96 
11 11 53.14 41.82 0.01 0.44 
11 12 58.17 45.42 0.19 2.62 
11 13 51.60 48.07 0.01 0.36 
11 14 52.21 45.17 0.08 0.35 
11 15 47.92 40.18 0.06 0.00 
11 16 51.98 45.18 0.15 0.29 
11 17 54.06 42.86 0.00 0.74 
11 18 51.74 44.93 0.16 0.22 
11 19 54.41 43.52 0.15 0.89 
11 20 45.67 33.68 0.00 0.00 
11 21 45.67 32.55 0.00 0.00 
11 22 47.38 25.18 0.00 0.00 
11 23 51.56 35.83 0.00 0.08 
11 24 49.77 26.40 0.00 0.00 
11 25 51.80 25.61 0.00 0.06 
11 26 45.56 28.17 0.00 0.00 
11 27 48.32 30.41 0.00 0.00 
11 28 50.29 27.93 0.00 0.00 
11 29 44.06 27.74 0.01 0.00 
11 30 50.50 33.63 0.00 0.01 
12 1 55.76 46.17 0.26 1.73 
12 2 52.82 37.15 0.99 0.25 
12 3 41.91 30.95 0.01 0.00 
12 4 36.79 27.69 0.00 0.00 
12 5 30.72 20.01 0.00 0.00 
12 6 27.22 23.92 0.00 0.00 
12 7 26.78 16.96 0.00 0.00 
12 8 24.15 3.14 0.00 0.00 
12 9 26.92 7.00 0.00 0.00 
12 10 31.48 19.66 0.00 0.00 
12 11 28.53 16.98 0.00 0.00 
12 12 37.39 16.98 0.19 0.00 
12 13 48.69 34.40 0.01 0.00 
12 14 40.94 36.26 0.01 0.00 
12 15 48.04 37.04 0.07 0.00 
12 16 44.58 39.90 0.00 0.00 
12 17 39.83 36.07 0.01 0.00 
12 18 41.92 34.30 0.06 0.00 
12 19 37.85 30.47 0.00 0.00 
12 20 42.90 31.52 0.04 0.00 
12 21 54.48 40.45 0.00 0.72 
12 22 57.22 41.27 0.00 1.63 
12 23 52.73 34.70 0.14 0.21 
12 24 44.77 29.61 0.01 0.00 
12 25 36.26 32.60 0.00 0.00 
12 26 34.86 31.57 0.01 0.00 
12 27 35.91 30.35 0.00 0.00 
12 28 43.27 32.06 0.00 0.00 
12 29 41.80 35.88 0.00 0.00 
12 30 41.43 34.12 0.00 0.00 
12 31 50.48 34.86 0.02 0.01
