 2015  CRVO      {AGRIMET CORVALLIS OR Lat:44.6342 Long:-123.1897 Elev:230 Rec:MnDayMaxMinPrecDD50}
 1  1  39.3  25.1 0.00  0.0 
 1  2  41.5  22.6 0.00  0.0 
 1  3  45.8  34.9 0.01  0.0 
 1  4  51.4  38.4 0.03  0.1 
 1  5  54.0  41.0 0.00  0.6 
 1  6  46.2  38.4 0.01  0.0 
 1  7  42.6  37.4 0.01  0.0 
 1  8  44.5  33.9 0.00  0.0 
 1  9  47.4  34.2 0.01  0.0 
 1 10  44.0  36.3 0.01  0.0 
 1 11  47.4  42.5 0.06  0.0 
 1 12  49.3  45.9 0.35  0.0 
 1 13  49.1  36.8 0.00  0.0 
 1 14  45.3  30.1 0.01  0.0 
 1 15  48.5  30.4 0.55  0.0 
 1 16  55.1  40.1 0.07  0.9 
 1 17  58.5  40.3 1.45  2.0 
 1 18  57.6  45.4 0.18  2.4 
 1 19  53.4  41.5 0.09  0.5 
 1 20  47.4  33.9 0.01  0.0 
 1 21  45.3  34.2 0.00  0.0 
 1 22  50.1  39.1 0.01  0.0 
 1 23  51.4  42.4 0.08  0.1 
 1 24  61.2  41.6 0.00  3.2 
 1 25  48.5  41.8 0.02  0.0 
 1 26  48.2  40.5 0.01  0.0 
 1 27  51.5  41.4 0.00  0.1 
 1 28  53.3  44.9 0.00  0.7 
 1 29  55.9  38.5 0.00  1.0 
 1 30  53.2  33.7 0.00  0.3 
 1 31  43.9  33.1 0.01  0.0 
 2  1  50.2  38.3 0.19  0.0 
 2  2  59.5  41.9 0.36  2.6 
 2  3  51.7  41.6 0.29  0.1 
 2  4  50.0  45.5 0.03  0.0 
 2  5  56.5  47.5 0.42  2.4 
 2  6  55.4  51.6 0.77  3.5 
 2  7  56.6  49.5 1.05  3.0 
 2  8  53.4  45.1 0.32  0.7 
 2  9  52.4  49.2 0.67  0.9 
 2 10  54.3  48.0 0.06  1.4 
 2 11  53.3  39.8 0.00  0.4 
 2 12  56.1  42.5 0.01  1.4 
 2 13  47.4  41.3 0.01  0.0 
 2 14  59.1  41.7 0.01  2.4 
 2 15  60.5  42.9 0.00  3.1 
 2 16  63.3  47.7 0.00  5.7 
 2 17  62.7  37.5 0.00  3.2 
 2 18  57.2  36.8 0.00  1.3 
 2 19  59.1  42.6 0.00  2.5 
 2 20  57.4  39.2 0.00  1.5 
 2 21  56.8  41.9 0.00  1.6 
 2 22  56.2  36.0 0.00  0.9 
 2 23  56.3  34.3 0.00  0.9 
 2 24  60.0  26.1 0.00  1.5 
 2 25  52.9  31.7 0.00  0.2 
 2 26  53.2  45.7 0.07  0.7 
 2 27  50.8  44.4 0.28  0.1 
 2 28  55.5  36.4 0.00  0.8 
 3  1  55.1  29.7 0.00  0.5 
 3  2  53.0  37.5 0.07  0.3 
 3  3  54.8  28.1 0.00  0.4 
 3  4  56.2  27.4 0.00  0.7 
 3  5  59.6  28.6 0.00  1.5 
 3  6  63.7  31.3 0.00  2.9 
 3  7  65.4  31.9 0.00  3.5 
 3  8  65.9  32.6 0.00  3.8 
 3  9  68.3  32.8 0.00  4.7 
 3 10  61.0  35.3 0.00  2.3 
 3 11  57.7  48.7 0.08  3.3 
 3 12  67.1  43.0 0.01  6.1 
 3 13  61.7  45.0 0.00  4.1 
 3 14  57.9  52.2 1.01  5.0 
 3 15  59.9  43.0 0.65  2.9 
 3 16  57.9  37.1 0.00  1.5 
 3 17  58.1  37.5 0.05  1.6 
 3 18  62.1  37.6 0.00  3.0 
 3 19  68.1  36.1 0.00  5.1 
 3 20  62.3  40.0 0.37  3.4 
 3 21  61.2  44.5 0.04  3.8 
 3 22  56.7  44.7 0.24  1.9 
 3 23  52.9  44.5 0.77  0.5 
 3 24  56.7  44.3 0.06  1.8 
 3 25  62.6  49.6 0.09  6.1 
 3 26  70.3  41.3 0.00  7.1 
 3 27  67.0  43.7 0.01  6.2 
 3 28  61.6  45.9 0.01  4.3 
 3 29  66.7  37.7 0.00  4.8 
 3 30  67.6  38.5 0.00  5.3 
 3 31  53.7  43.0 0.24  0.6 
 4  1  51.4  39.2 0.09  0.1 
 4  2  58.2  37.7 0.01  1.6 
 4  3  50.0  33.1 0.15  0.0 
 4  4  55.6  35.9 0.01  0.8 
 4  5  53.2  34.1 0.02  0.3 
 4  6  54.3  37.8 0.11  0.6 
 4  7  55.7  41.7 0.00  1.2 
 4  8  56.3  45.2 0.50  1.8 
 4  9  63.3  39.9 0.01  3.8 
 4 10  60.6  36.4 0.00  2.3 
 4 11  55.4  38.5 0.10  0.8 
 4 12  59.2  32.2 0.00  1.6 
 4 13  53.9  37.6 0.14  0.5 
 4 14  49.7  36.6 0.19  0.0 
 4 15  56.5  32.3 0.01  0.9 
 4 16  68.2  36.5 0.00  5.2 
 4 17  71.3  37.6 0.00  6.7 
 4 18  72.0  41.5 0.00  7.9 
 4 19  73.1  44.7 0.00  9.4 
 4 20  75.9  38.3 0.00  8.9 
 4 21  63.7  40.2 0.00  4.0 
 4 22  59.4  33.8 0.01  1.7 
 4 23  54.9  34.6 0.00  0.6 
 4 24  56.0  43.6 0.05  1.4 
 4 25  57.5  40.2 0.08  1.6 
 4 26  58.6  36.5 0.01  1.7 
 4 27  76.0  45.4 0.00 11.0 
 4 28  63.1  46.3 0.00  5.1 
 4 29  63.0  35.2 0.00  3.0 
 4 30  67.5  38.4 0.00  5.3 
 5  1  71.8  44.1 0.00  8.6 
 5  2  67.9  42.0 0.00  6.2 
 5  3  71.0  40.3 0.00  7.2 
 5  4  63.6  37.4 0.00  3.5 
 5  5  64.1  38.3 0.01  3.9 
 5  6  62.3  37.2 0.01  3.0 
 5  7  69.8  36.4 0.00  5.9 
 5  8  77.2  43.1 0.00 10.8 
 5  9  79.9  42.0 0.00 11.8 
 5 10  71.3  44.3 0.00  8.4 
 5 11  57.7  48.9 0.15  3.4 
 5 12  55.5  47.7 0.53  2.0 
 5 13  63.8  46.1 0.01  5.4 
 5 14  66.8  45.6 0.00  6.7 
 5 15  60.0  46.4 0.00  3.7 
 5 16  62.4  50.4 0.00  6.4 
 5 17  68.2  49.6 0.00  8.9 
 5 18  72.8  44.5 0.00  9.2 
 5 19  63.4  49.0 0.00  6.2 
 5 20  69.6  54.3 0.01 12.0 
 5 21  71.4  56.0 0.00 13.7 
 5 22  62.8  52.9 0.02  7.8 
 5 23  62.3  51.8 0.08  7.0 
 5 24  67.2  51.8 0.00  9.5 
 5 25  69.6  46.6 0.00  8.4 
 5 26  69.1  43.5 0.00  7.1 
 5 27  76.8  46.0 0.00 11.7 
 5 28  82.2  47.5 0.00 14.9 
 5 29  79.6  48.6 0.00 14.1 
 5 30  76.1  47.7 0.00 12.0 
 5 31  82.8  50.4 0.00 16.6 
 6  1  60.7  52.3 0.64  6.5 
 6  2  63.9  53.0 0.06  8.4 
 6  3  65.8  52.0 0.01  8.9 
 6  4  72.6  47.9 0.00 10.3 
 6  5  84.7  50.6 0.00 17.6 
 6  6  87.7  55.0 0.00 21.3 
 6  7  88.9  54.2 0.00 21.5 
 6  8  92.9  58.8 0.00 25.8 
 6  9  89.9  55.4 0.00 22.7 
 6 10  79.3  43.8 0.00 12.1 
 6 11  80.2  44.6 0.00 12.8 
 6 12  74.0  46.1 0.00 10.3 
 6 13  76.1  42.9 0.00 10.2 
 6 14  83.8  43.3 0.00 14.1 
 6 15  77.0  46.1 0.00 11.8 
 6 16  78.1  44.6 0.00 11.8 
 6 17  80.8  45.8 0.00 13.6 
 6 18  80.0  52.8 0.00 16.4 
 6 19  76.6  48.4 0.00 12.5 
 6 20  81.0  54.3 0.00 17.6 
 6 21  79.9  51.4 0.00 15.6 
 6 22  78.3  45.1 0.00 12.1 
 6 23  82.7  44.5 0.00 14.0 
 6 24  85.4  51.4 0.00 18.4 
 6 25  91.3  50.8 0.00 21.1 
 6 26  96.7  60.8 0.00 28.7 
 6 27  93.3  68.4 0.00 30.9 #Vx
 6 28  82.2  62.0 0.00 22.1 
 6 29  89.0  55.9 0.00 22.5 
 6 30  93.1  55.0 0.00 24.1 
 7  1  96.6  59.8 0.00 28.2 
 7  2  97.7  56.9 0.00 27.3 
 7  3  97.6  56.7 0.00 27.1 
 7  4  94.3  52.3 0.00 23.3 
 7  5  91.8  53.2 0.00 22.5 
 7  6  90.0  52.1 0.00 21.1 
 7  7  87.3  51.3 0.00 19.3 
 7  8  90.3  50.9 0.00 20.6 
 7  9  79.1  53.8 0.00 16.4 
 7 10  76.5  58.5 0.00 17.6 
 7 11  71.1  60.6 0.00 15.8 
 7 12  80.3  57.1 0.00 18.7 
 7 13  82.2  54.4 0.00 18.3 
 7 14  84.4  52.9 0.00 18.6 
 7 15  84.2  49.5 0.00 16.9 
 7 16  80.2  50.5 0.00 15.4 
 7 17  85.8  51.5 0.00 18.7 
 7 18  96.7  61.9 0.00 29.3 
 7 19  92.7  56.4 0.00 24.6 
 7 20  88.3  51.7 0.00 20.0 
 7 21  78.2  53.4 0.00 15.8 
 7 22  75.6  48.7 0.00 12.2 
 7 23  81.7  52.8 0.00 17.3 
 7 24  83.2  47.8 0.00 15.6 
 7 25  73.0  54.6 0.00 13.8 
 7 26  72.4  47.3 0.00 10.0 
 7 27  78.4  50.0 0.00 14.2 
 7 28  86.9  54.4 0.00 20.6 
 7 29  97.7  62.2 0.00 30.0 
 7 30 102.7  63.4 0.00 33.0 
 7 31 100.9  56.4 0.00 28.6 
 8  1  98.2  60.7 0.00 29.4 
 8  2  82.3  59.7 0.00 21.0 
 8  3  85.8  60.7 0.00 23.3 
 8  4  83.7  54.4 0.00 19.1 
 8  5  81.2  48.6 0.00 14.9 
 8  6  81.0  51.8 0.00 16.4 
 8  7  86.5  54.1 0.00 20.3 
 8  8  81.2  50.4 0.00 15.8 
 8  9  85.1  61.6 0.00 23.4 
 8 10  82.7  56.6 0.00 19.6 
 8 11  86.9  57.6 0.00 22.3 
 8 12  90.8  58.0 0.00 24.4 
 8 13  84.3  49.8 0.00 17.0 
 8 14  74.7  55.0 0.03 14.8 
 8 15  77.8  60.2 0.00 19.0 
 8 16  84.2  51.8 0.00 18.0 
 8 17  89.6  53.9 0.00 21.7 
 8 18  94.6  57.0 0.00 25.8 
 8 19  97.5  55.4 0.00 26.4 
 8 20  81.4  51.5 0.00 16.4 
 8 21  80.2  51.8 0.00 16.0 
 8 22  86.8  51.6 0.00 19.2 
 8 23  85.9  51.6 0.00 18.7 
 8 24  82.2  47.9 0.00 15.1 
 8 25  84.2  47.0 0.00 15.7 
 8 26  88.8  46.2 0.00 17.7 
 8 27  89.3  47.9 0.00 18.6 
 8 28  79.8  63.3 0.00 21.5 
 8 29  73.6  63.7 0.16 18.6 
 8 30  70.8  54.9 0.18 12.8 
 8 31  74.0  53.2 0.00 13.6 
 9  1  76.6  56.7 0.00 16.6 
 9  2  70.8  53.1 0.19 11.9 
 9  3  66.4  45.5 0.09  6.4 
 9  4  65.4  43.8 0.00  5.5 
 9  5  69.9  41.0 0.00  6.8 
 9  6  70.9  44.1 0.00  8.2 
 9  7  75.8  51.3 0.00 13.6 
 9  8  82.7  52.3 0.00 17.5 
 9  9  85.6  55.3 0.00 20.4 
 9 10  86.5  54.9 0.00 20.7 
 9 11  91.4  51.3 0.00 21.4 
 9 12  88.9  54.0 0.00 21.4 
 9 13  78.8  47.6 0.00 13.2 
 9 14  63.3  44.6 0.00  4.8 
 9 15  63.5  40.0 0.10  3.9 
 9 16  67.0  50.6 0.07  8.8 
 9 17  68.7  52.4 1.00 10.6 
 9 18  73.0  47.9 0.00 10.6 
 9 19  79.2  46.1 0.00 12.9 
 9 20  78.6  50.5 0.00 14.6 
 9 21  72.5  53.0 0.08 12.8 
 9 22  69.6  44.8 0.00  7.8 
 9 23  75.1  39.1 0.00  8.7 
 9 24  77.6  48.8 0.00 13.2 
 9 25  66.0  51.5 0.14  8.8 
 9 26  68.5  49.6 0.01  9.0 
 9 27  69.2  41.1 0.00  6.6 
 9 28  77.9  41.6 0.00 10.7 
 9 29  80.3  39.8 0.00 11.3 
 9 30  72.1  40.3 0.00  7.7 
10  1  76.9  42.0 0.00 10.3 
10  2  62.5  42.9 0.00  4.0 
10  3  68.0  44.4 0.00  6.9 
10  4  79.8  50.0 0.00 14.9 
10  5  83.1  46.5 0.00 14.9 
10  6  74.7  46.8 0.00 10.9 
10  7  69.4  54.5 0.00 11.9 
10  8  74.6  52.1 0.00 13.3 
10  9  77.0  45.1 0.00 11.4 
10 10  73.3  53.4 0.23 13.3 
10 11  67.7  47.6 0.00  7.8 
10 12  73.0  43.9 0.01  9.1 
10 13  75.7  44.2 0.00 10.5 
10 14  69.3  48.3 0.00  8.9 
10 15  78.8  42.2 0.00 11.4 
10 16  67.5  45.2 0.00  6.9 
10 17  66.6  54.0 0.09 10.3 
10 18  71.0  54.0 0.00 12.5 
10 19  64.2  54.3 0.19  9.3 
10 20  62.9  49.2 0.01  6.0 
10 21  65.7  44.9 0.00  5.9 
10 22  63.3  45.0 0.00  4.8 
10 23  57.7  39.7 0.00  1.7 
10 24  67.9  45.7 0.00  7.2 
10 25  61.8  48.0 0.58  5.0 
10 26  64.7  47.9 0.08  6.4 
10 27  54.9  41.5 0.00  0.9 
10 28  64.7  50.3 0.53  7.5 
10 29  65.9  51.8 0.01  8.9 
10 30  60.5  54.4 0.32  7.4 
10 31  65.2  57.3 1.14 11.3 
11  1  61.0  51.7 0.14  6.3 
11  2  56.9  42.9 0.10  1.7 
11  3  58.5  38.0 0.02  1.8 
11  4  53.0  34.0 0.00  0.2 
11  5  53.0  43.5 0.09  0.5 
11  6  61.8  37.9 0.01  2.9 
11  7  52.7  38.5 0.36  0.3 
11  8  52.4  44.0 0.10  0.3 
11  9  52.8  35.5 0.01  0.2 
11 10  51.0  34.3 0.00  0.0 
11 11  55.3  41.5 0.11  1.0 
11 12  51.2  37.7 0.08  0.1 
11 13  58.5  49.6 0.07  4.1 
11 14  59.6  53.1 0.00  6.3 
11 15  55.3  36.6 0.60  0.8 
11 16  47.6  34.9 0.45  0.0 
11 17  57.4  47.4 0.39  2.7 
11 18  51.9  37.8 0.28  0.1 
11 19  55.2  43.0 0.66  1.1 
11 20  49.2  38.2 0.00  0.0 
11 21  49.8  33.8 0.00  0.0 
11 22  45.4  28.2 0.00  0.0 
11 23  43.6  28.3 0.26  0.0 
11 24  44.5  37.3 0.27  0.0 
11 25  46.4  33.2 0.00  0.0 
11 26  48.5  26.8 0.00  0.0 
11 27  49.3  25.0 0.00  0.0 
11 28  47.0  23.0 0.00  0.0 
11 29  42.7  20.3 0.00  0.0 
11 30  33.9  20.7 0.01  0.0 
12  1  44.7  29.5 0.00  0.0 
12  2  44.7  37.1 0.38  0.0 
12  3  57.3  41.7 0.08  1.7 
12  4  50.0  40.8 0.64  0.0 
12  5  52.9  38.9 0.07  0.3 
12  6  54.9  45.7 0.46  1.3 
12  7  61.0  49.3 1.28  5.2 
12  8  61.5  57.8 0.23  9.6 
12  9  59.0  47.1 0.33  3.4 
12 10  52.1  43.0 0.66  0.2 
12 11  50.2  43.0 0.05  0.0 
12 12  52.4  43.9 0.97  0.3 
12 13  46.7  39.1 0.60  0.0 
12 14  41.0  36.4 0.16  0.0 
12 15  41.6  31.6 0.02  0.0 
12 16  46.1  39.4 0.31  0.0 
12 17  53.8  42.2 2.27  0.6 
12 18  53.0  43.1 0.44  0.5 
12 19  47.7  40.6 0.12  0.0 
12 20  47.5  41.9 0.30  0.0 
12 21  52.5  42.4 0.74  0.3 
12 22  46.0  40.6 0.34  0.0 
12 23  42.9  36.6 0.57  0.0 
12 24  42.4  35.2 0.10  0.0 
12 25  45.3  31.6 0.00  0.0 
12 26  36.3  30.5 0.01  0.0 
12 27  40.7  34.1 0.47  0.0 
12 28  44.9  37.0 0.05  0.0 
12 29  43.1  34.7 0.04  0.0 
12 30  42.2  29.8 0.00  0.0 
12 31 41.96 30.50 0.00 0.00
