 2014  CRVO      {AGRIMET CORVALLIS OR Lat:44.6342 Long:-123.1897 Elev:230 Rec:MnDayMaxMinPrecDD50}
 1  1  41.1  31.7 0.01  0.0 
 1  2  44.2  36.2 0.00  0.0 
 1  3  47.5  31.6 0.01  0.0 
 1  4  43.4  26.9 0.00  0.0 
 1  5  46.8  21.9 0.01  0.0 
 1  6  40.8  27.8 0.06  0.0 
 1  7  46.4  37.7 0.27  0.0 
 1  8  52.9  45.6 0.35  0.6 
 1  9  50.7  42.5 0.12  0.0 
 1 10  52.3  45.5 0.01  0.4 
 1 11  54.9  44.6 0.68  1.1 
 1 12  54.1  43.6 0.39  0.8 
 1 13  54.5  38.5 0.01  0.6 
 1 14  43.1  33.8 0.01  0.0 
 1 15  39.8  35.5 0.01  0.0 
 1 16  38.0  34.7 0.01  0.0 
 1 17  36.4  31.9 0.00  0.0 
 1 18  34.7  31.8 0.00  0.0 
 1 19  36.6  30.7 0.01  0.0 
 1 20  46.6  29.9 0.00  0.0 
 1 21  36.8  28.9 0.01  0.0 
 1 22  50.2  33.1 0.00  0.0 
 1 23  52.6  38.6 0.00  0.2 
 1 24  53.9  37.1 0.00  0.4 
 1 25  49.4  28.0 0.00  0.0 
 1 26  50.7  27.1 0.00  0.0 
 1 27  40.3  31.3 0.03  0.0 
 1 28  41.2  37.6 0.43  0.0 
 1 29  56.5  41.4 0.08  1.4 
 1 30  50.8  40.6 0.01  0.0 
 1 31  47.0  37.1 0.05  0.0 
 2  1  51.2  37.2 0.00  0.1 
 2  2  47.1  33.9 0.00  0.0 
 2  3  47.5  31.8 0.03  0.0 
 2  4  36.8  31.4 0.00  0.0 
 2  5  33.8  22.6 0.00  0.0 
 2  6  23.2  19.3 0.00  0.0 
 2  7  28.6  17.3 0.00  0.0 
 2  8  31.1  27.4 0.05  0.0 
 2  9  34.3  30.9 0.73  0.0 
 2 10  45.7  33.0 0.04  0.0 
 2 11  46.1  38.9 0.82  0.0 
 2 12  54.6  45.7 0.48  1.2 
 2 13  54.6  45.4 0.11  1.2 
 2 14  54.7  46.3 0.93  1.3 
 2 15  54.8  42.4 0.66  0.9 
 2 16  50.7  39.6 0.16  0.0 
 2 17  53.2  42.3 0.54  0.5 
 2 18  51.4  39.3 0.71  0.1 
 2 19  46.6  38.2 0.29  0.0 
 2 20  47.8  42.8 0.23  0.0 
 2 21  53.8  39.9 0.00  0.5 
 2 22  52.8  35.1 0.00  0.2 
 2 23  49.0  31.2 0.04  0.0 
 2 24  59.6  45.8 0.39  3.3 
 2 25  53.4  42.1 0.00  0.5 
 2 26  51.1  40.0 0.00  0.1 
 2 27  49.7  40.7 0.17  0.0 
 2 28  59.4  43.5 0.00  2.8 
 3  1  53.0  43.3 0.13  0.5 
 3  2  56.5  42.0 0.31  1.4 
 3  3  58.8  44.5 0.40  2.7 
 3  4  62.7  43.2 0.00  4.1 
 3  5  58.9  52.0 1.27  5.4 
 3  6  55.6  47.3 0.57  1.9 
 3  7  63.1  44.5 0.00  4.6 
 3  8  57.4  40.7 0.40  1.6 
 3  9  60.5  51.2 0.33  5.9 
 3 10  53.1  39.1 0.02  0.3 
 3 11  56.1  32.3 0.00  0.8 
 3 12  67.6  33.8 0.00  4.6 
 3 13  59.9  34.2 0.00  1.9 
 3 14  62.5  45.1 0.25  4.5 
 3 15  65.2  37.5 0.00  4.2 
 3 16  59.8  44.0 0.18  3.0 
 3 17  52.0  38.0 0.00  0.1 
 3 18  56.0  33.9 0.01  0.8 
 3 19  56.0  34.9 0.00  0.8 
 3 20  52.8  30.1 0.01  0.2 
 3 21  54.6  35.0 0.00  0.6 
 3 22  60.0  33.1 0.00  1.9 
 3 23  62.0  31.2 0.00  2.3 
 3 24  71.4  33.6 0.00  6.0 
 3 25  56.2  45.9 0.47  1.9 
 3 26  52.4  45.1 0.49  0.4 
 3 27  56.8  44.0 0.34  1.8 
 3 28  53.8  47.5 0.78  1.1 
 3 29  55.8  45.1 0.33  1.6 
 3 30  53.4  38.6 0.10  0.4 
 3 31  49.2  35.2 0.10  0.0 
 4  1  54.8  41.5 0.03  0.8 
 4  2  60.9  41.0 0.01  3.0 
 4  3  56.0  39.9 0.02  1.1 
 4  4  57.8  45.4 0.06  2.4 
 4  5  55.7  47.3 0.02  1.9 
 4  6  65.5  47.7 0.00  6.8 
 4  7  71.7  41.8 0.01  7.9 
 4  8  69.5  41.1 0.00  6.7 
 4  9  62.3  46.4 0.01  4.8 
 4 10  64.3  40.4 0.00  4.2 
 4 11  66.3  44.4 0.00  6.1 
 4 12  62.9  43.8 0.00  4.3 
 4 13  71.3  42.8 0.00  8.0 
 4 14  68.5  40.7 0.00  6.2 
 4 15  58.5  38.5 0.00  1.8 
 4 16  60.1  47.6 0.01  4.1 
 4 17  54.8  43.5 0.47  1.0 
 4 18  59.4  35.3 0.00  1.8 
 4 19  58.6  35.9 0.02  1.6 
 4 20  64.2  35.6 0.00  3.5 
 4 21  61.9  45.0 0.24  4.2 
 4 22  55.7  43.0 0.07  1.3 
 4 23  54.6  44.8 0.47  1.1 
 4 24  57.3  46.6 0.48  2.5 
 4 25  54.1  41.1 0.20  0.7 
 4 26  55.7  34.1 0.17  0.8 
 4 27  54.7  41.5 0.21  0.8 
 4 28  62.6  35.8 0.00  3.0 
 4 29  74.5  39.7 0.00  8.6 
 4 30  81.4  56.4 0.00 18.9 
 5  1  85.6  48.3 0.00 17.0 
 5  2  69.2  44.4 0.00  7.4 
 5  3  60.8  46.5 0.22  4.1 
 5  4  59.8  49.4 0.00  4.6 
 5  5  62.8  40.6 0.09  3.7 
 5  6  63.4  42.0 0.00  4.2 
 5  7  64.0  34.0 0.00  3.3 
 5  8  58.6  47.4 0.46  3.3 
 5  9  57.6  46.8 0.34  2.6 
 5 10  61.9  43.7 0.26  3.9 
 5 11  64.9  38.2 0.00  4.2 
 5 12  74.9  43.0 0.00  9.7 
 5 13  80.5  47.8 0.00 14.2 
 5 14  86.0  52.3 0.00 19.2 
 5 15  81.5  51.6 0.00 16.6 #Vx
 5 16  70.7  42.6 0.00  7.6 
 5 17  68.7  48.5 0.00  8.7 
 5 18  62.6  51.8 0.73  7.2 
 5 19  67.9  51.1 0.12  9.5 
 5 20  72.6  46.6 0.00  9.8 
 5 21  71.6  43.9 0.00  8.4 
 5 22  78.9  50.7 0.00 14.8 
 5 23  68.7  55.3 0.05 12.0 
 5 24  68.4  53.7 0.01 11.0 
 5 25  74.5  45.7 0.00 10.4 
 5 26  68.9  50.8 0.00  9.8 
 5 27  64.4  48.5 0.14  6.5 
 5 28  64.7  47.9 0.00  6.4 
 5 29  66.3  42.3 0.00  5.5 
 5 30  74.7  43.7 0.00  9.8 
 5 31  73.7  44.4 0.00  9.6 
 6  1  71.0  45.5 0.00  8.7 
 6  2  77.5  43.9 0.00 11.2 
 6  3  68.0  49.0 0.00  8.5 
 6  4  74.0  43.4 0.00  9.4 
 6  5  75.0  46.1 0.00 10.8 
 6  6  78.4  43.4 0.00 11.5 
 6  7  76.3  48.4 0.00 12.4 
 6  8  79.7  49.0 0.00 14.4 
 6  9  74.3  52.9 0.00 13.6 
 6 10  74.4  46.6 0.00 10.7 
 6 11  77.4  49.8 0.00 13.6 
 6 12  65.2  52.2 0.01  8.7 
 6 13  65.4  52.7 0.04  9.0 
 6 14  65.2  47.9 0.00  6.7 
 6 15  66.5  48.3 0.01  7.5 
 6 16  64.2  46.8 0.02  5.8 
 6 17  62.3  47.6 0.00  5.2 
 6 18  73.5  42.0 0.00  8.7 
 6 19  79.5  43.5 0.00 12.1 
 6 20  71.0  50.4 0.00 10.7 
 6 21  74.4  47.4 0.00 11.0 
 6 22  81.3  45.7 0.00 13.8 
 6 23  78.6  49.3 0.01 14.0 
 6 24  78.4  47.4 0.01 13.0 
 6 25  71.6  53.9 0.01 12.8 
 6 26  69.4  58.7 0.03 14.0 
 6 27  69.5  58.4 0.33 13.9 
 6 28  68.7  57.0 0.05 12.9 
 6 29  73.0  56.8 0.00 14.9 
 6 30  83.1  53.9 0.00 18.5 
 7  1  95.2  59.6 0.00 27.4 
 7  2  81.1  55.6 0.00 18.4 
 7  3  75.2  53.7 0.00 14.4 
 7  4  81.3  52.5 0.00 16.9 
 7  5  85.9  50.6 0.00 18.2 
 7  6  88.5  52.0 0.00 20.2 
 7  7  91.1  59.5 0.00 25.3 
 7  8  90.2  57.9 0.00 24.1 
 7  9  87.7  56.8 0.00 22.2 
 7 10  88.5  50.1 0.00 19.3 
 7 11  83.5  52.8 0.00 18.1 
 7 12  92.3  54.2 0.00 23.3 
 7 13  74.2  54.1 0.19 14.1 
 7 14  89.1  60.0 0.00 24.6 
 7 15  96.0  55.2 0.00 25.6 
 7 16  94.0  56.6 0.00 25.3 
 7 17  87.5  51.1 0.00 19.3 
 7 18  82.9  51.8 0.00 17.3 
 7 19  89.3  58.8 0.00 24.1 
 7 20  74.4  59.0 0.00 16.7 
 7 21  78.8  55.7 0.00 17.2 #Vx
 7 22  76.3  58.6 0.04 17.5 
 7 23  64.4  57.5 0.25 10.9 
 7 24  71.7  55.4 0.00 13.6 
 7 25  79.9  54.4 0.00 17.1 
 7 26  85.3  54.3 0.00 19.8 #Vn
 7 27  87.4  57.3 0.00 22.4 
 7 28  93.7  55.8 0.00 24.8 
 7 29  92.5  55.5 0.01 24.0 
 7 30  91.3  53.5 0.00 22.4 
 7 31  92.8  58.0 0.00 25.4 
 8  1  91.9  61.4 0.01 26.6 
 8  2  87.6  54.5 0.00 21.0 
 8  3  92.3  53.2 0.00 22.8 
 8  4  88.6  57.7 0.00 23.2 
 8  5  84.7  49.9 0.00 17.3 
 8  6  84.9  52.2 0.00 18.5 
 8  7  84.8  56.0 0.00 20.4 
 8  8  80.9  50.5 0.00 15.7 
 8  9  86.5  52.5 0.00 19.5 
 8 10  94.1  58.2 0.01 26.2 
 8 11  97.7  63.5 0.01 30.6 
 8 12  75.3  61.8 0.01 18.6 
 8 13  77.5  52.9 0.00 15.2 
 8 14  80.2  59.4 0.03 19.8 
 8 15  78.0  59.5 0.00 18.8 
 8 16  86.5  56.2 0.00 21.3 
 8 17  89.2  60.7 0.00 24.9 
 8 18  91.3  58.4 0.00 24.9 
 8 19  87.2  59.9 0.00 23.6 
 8 20  78.9  56.0 0.00 17.4 
 8 21  81.6  45.6 0.00 13.9 
 8 22  81.7  51.0 0.00 16.4 
 8 23  87.2  54.2 0.00 20.7 
 8 24  84.2  53.6 0.00 18.9 
 8 25  89.7  59.3 0.00 24.5 
 8 26  92.9  60.0 0.00 26.5 
 8 27  92.7  55.7 0.00 24.2 
 8 28  87.2  54.3 0.00 20.7 
 8 29  80.4  52.4 0.00 16.4 
 8 30  68.2  59.3 0.04 13.8 #Vx
 8 31  74.9  48.8 0.01 11.9 
 9  1  82.2  47.3 0.00 14.9 
 9  2  77.8  54.2 0.00 16.0 
 9  3  74.4  43.1 0.00  9.5 
 9  4  84.9  52.0 0.00 18.4 
 9  5  93.1  64.3 0.00 28.7 
 9  6  94.6  56.0 0.00 25.3 
 9  7  85.0  44.5 0.00 15.1 
 9  8  80.1  44.5 0.00 12.7 
 9  9  75.6  56.9 0.00 16.2 
 9 10  79.8  50.2 0.00 15.0 
 9 11  80.7  59.4 0.00 20.1 
 9 12  85.4  60.0 0.00 22.7 
 9 13  87.8  45.2 0.00 16.8 
 9 14  88.8  41.6 0.00 15.9 
 9 15  87.6  46.6 0.00 17.2 
 9 16  78.8  51.5 0.00 15.1 
 9 17  71.3  59.3 0.00 15.3 
 9 18  75.9  57.7 0.00 16.8 
 9 19  82.4  49.9 0.00 16.1 
 9 20  90.7  58.5 0.00 24.6 
 9 21  84.7  52.9 0.00 18.8 
 9 22  70.1  56.1 0.00 13.1 
 9 23  65.7  53.8 0.34  9.8 
 9 24  65.2  58.9 0.62 12.1 
 9 25  71.0  54.3 0.11 12.6 
 9 26  71.6  51.1 0.00 11.4 
 9 27  70.9  52.5 0.00 11.7 
 9 28  77.8  50.6 0.00 14.2 
 9 29  65.0  46.3 0.06  6.0 
 9 30  67.2  48.5 0.02  7.9 
10  1  68.1  44.2 0.01  6.8 
10  2  72.1  44.0 0.00  8.7 
10  3  79.1  45.3 0.00 12.5 
10  4  83.1  43.8 0.00 13.9 
10  5  84.8  48.6 0.00 16.7 
10  6  85.4  56.8 0.00 21.1 
10  7  82.9  51.1 0.00 17.0 
10  8  77.2  47.4 0.00 12.4 
10  9  76.0  43.4 0.00 10.4 
10 10  74.5  44.6 0.00 10.1 
10 11  71.6  49.9 0.02 10.8 
10 12  68.3  43.9 0.00  6.9 
10 13  76.0  41.4 0.03  9.8 
10 14  58.3  53.7 0.50  6.0 
10 15  58.6  51.8 0.43  5.2 
10 16  68.2  48.1 0.01  8.2 
10 17  60.4  53.0 0.17  6.7 
10 18  73.1  56.1 0.02 14.6 
10 19  74.7  53.1 0.00 13.9 
10 20  64.4  53.5 0.64  8.9 
10 21  61.8  52.7 0.09  7.3 
10 22  59.3  54.9 0.99  7.1 
10 23  60.5  52.1 0.29  6.3 
10 24  53.0  48.2 0.23  0.9 
10 25  63.5  49.6 0.23  6.6 
10 26  60.0  40.3  M    2.5 #HxHn
10 27  59.6  40.2  M    2.4 #HxHn
10 28  60.8  50.4 0.06  5.6 
10 29  62.7  54.0 0.04  8.4 
10 30  59.1  54.8 0.34  6.9 
10 31  59.3  48.8 0.55  4.1 
11  1  52.7  42.5 0.03  0.3 
11  2  54.9  41.9 0.09  0.9 
11  3  56.2  51.0 0.13  3.6 
11  4  58.6  53.8 0.43  6.2 
11  5  64.6  52.2 0.00  8.4 
11  6  60.0  47.1  M    3.9 #VxVn
11  7  56.3  41.9 0.02  1.4 
11  8  50.6  37.8 0.00  0.0 
11  9  57.0  42.5 0.02  1.7 
11 10  54.4  37.1 0.01  0.6 
11 11  55.2  35.4 0.00  0.7 
11 12  45.1  32.2 0.00  0.0 
11 13  34.7  31.9 2.06  0.0 
11 14  39.6  26.7 0.29  0.0 
11 15  45.3  27.6 0.00  0.0 
11 16  44.6  25.7 0.00  0.0 
11 17  44.5  20.7 0.00  0.0 
11 18  41.8  23.9 0.00  0.0 
11 19  47.1  30.4 0.14  0.0 
11 20  48.3  41.1 0.11  0.0 
11 21  55.1  45.9 0.72  1.4 
11 22  52.6  42.4 0.20  0.3 
11 23  55.6  40.2 0.37  1.0 
11 24  53.5  38.9 0.00  0.4 
11 25  60.7  48.4 0.04  4.7 
11 26  58.7  44.1 0.01  2.6 
11 27  56.2  51.5 0.13  3.8 
11 28  57.4  46.8 0.75  2.6 
11 29  46.0  32.4 0.09  0.0 
11 30  39.7  29.6 0.00  0.0 
12  1  36.9  30.7 0.08  0.0 
12  2  40.0  34.5 0.01  0.0 
12  3  46.3  36.6 0.01  0.0 
12  4  44.5  37.6 0.73  0.0 
12  5  49.5  43.4 0.31  0.0 
12  6  55.9  41.9 0.27  1.3 
12  7  46.8  37.5 0.02  0.0 
12  8  50.7  39.2 0.00  0.0 
12  9  60.2  50.3 0.25  5.2 
12 10  60.1  44.4 0.66  3.2 
12 11  60.7  41.3 0.47  3.0 
12 12  51.1  38.0 0.01  0.1 
12 13  51.9  36.4 0.01  0.1 
12 14  47.5  36.8 0.02  0.0 
12 15  46.1  39.7 0.08  0.0 
12 16  46.8  39.0 0.03  0.0 
12 17  48.3  38.5 0.21  0.0 
12 18  53.2  39.8 0.23  0.4 
12 19  50.8  43.8 0.25  0.0 
12 20  56.4  47.4 1.94  2.3 
12 21  60.0  49.6 0.12  4.8 
12 22  53.8  46.7 0.05  1.0 
12 23  56.1  48.4 0.02  2.4 
12 24  54.5  38.8 0.94  0.6 
12 25  50.5  38.2 0.01  0.0 
12 26  50.5  40.4 0.00  0.0 
12 27  45.4  39.1 0.14  0.0 
12 28  47.6  40.1 0.08  0.0 
12 29  43.9  30.8 0.13  0.0 
12 30  35.6  26.8 0.00  0.0 
12 31  35.8  22.6 0.00  0.0 
