 2012  CRVO      {AGRIMET CORVALLIS OR Lat:44.6342 Long:-123.1892 Elev:229 Rec:MnDayMaxMinPrecDD50}
1 1 47.46 32.64 0.00 0.00 
1 2 51.60 32.28 0.07 0.07 
1 3 56.19 39.44 0.01 1.14 
1 4 59.33 34.82 0.05 1.78 
1 5 50.47 32.02 0.01 0.01 
1 6 39.95 32.40 0.05 0.00 
1 7 49.64 33.73 0.00 0.00 
1 8 39.08 34.22 0.02 0.00 
1 9 41.76 35.32 0.08 0.00 
1 10 44.89 33.85 0.06 0.00 
1 11 46.12 32.77 0.00 0.00 
1 12 43.32 29.98 0.00 0.00 
1 13 44.66 24.28 0.00 0.00 
1 14 44.08 30.36 0.03 0.00 
1 15 37.77 30.84 0.16 0.00 
1 16 37.40 27.31 0.08 0.00 
1 17 40.20 33.39 1.68 0.00 
1 18 50.23 39.82 3.14 0.00 
1 19 55.33 49.98 1.63 2.66 
1 20 53.75 48.40 0.50 1.31 
1 21 51.31 38.82 0.33 0.07 
1 22 47.83 38.58 0.36 0.00 
1 23 42.23 32.28 0.01 0.00 
1 24 55.57 38.84 1.04 0.93 
1 25 56.78 47.43 0.04 2.46 
1 26 50.71 34.20 0.10 0.02 
1 27 42.70 28.75 0.00 0.00 
1 28 49.27 30.34 0.01 0.00 
1 29 50.24 38.00 0.28 0.00 
1 30 52.29 40.40 0.00 0.22 
1 31 51.32 34.69 0.00 0.05 
2 1 49.98 44.53 0.11 0.00 
2 2 51.55 33.13 0.00 0.07 
2 3 56.64 40.53 0.00 1.37 
2 4 53.97 33.49 0.00 0.38 
2 5 52.53 28.52 0.00 0.13 
2 6 57.50 30.09 0.00 1.03 
2 7 50.96 42.84 0.04 0.06 
2 8 48.41 35.78 0.60 0.00 
2 9 53.01 46.82 0.10 0.73 
2 10 55.44 45.36 0.11 1.47 
2 11 49.98 31.79 0.00 0.00 
2 12 48.17 35.55 0.12 0.00 
2 13 46.84 38.10 0.03 0.00 
2 14 44.66 33.61 0.12 0.00 
2 15 44.42 32.41 0.00 0.00 
2 16 45.88 32.41 0.03 0.00 
2 17 53.88 42.96 0.06 0.69 
2 18 47.21 36.52 0.13 0.00 
2 19 47.92 32.52 0.13 0.00 
2 20 49.99 39.55 0.20 0.00 
2 21 56.04 49.01 0.00 2.59 
2 22 52.78 39.78 0.31 0.30 
2 23 50.94 31.42 0.00 0.02 
2 24 53.51 30.46 0.25 0.27 
2 25 45.75 35.67 0.14 0.00 
2 26 43.09 32.52 0.10 0.00 
2 27 46.10 32.52 0.00 0.00 
2 28 42.14 31.06 0.31 0.00 
2 29 40.56 33.37 0.86 0.00 
3 1 47.80 30.84 0.32 0.00 
3 2 49.26 34.71 0.00 0.00 
3 3 60.51 43.78 0.00 3.30 
3 4 50.47 36.63 0.00 0.01 
3 5 48.42 38.09 0.20 0.00 
3 6 44.89 30.82 0.03 0.00 
3 7 49.26 26.10 0.00 0.00 
3 8 65.24 27.07 0.00 3.04 
3 9 60.26 32.64 0.00 1.91 
3 10 51.80 44.15 0.07 0.21 
3 11 47.55 40.04 0.12 0.00 
3 12 50.38 37.85 1.21 0.01 
3 13 45.53 34.21 0.35 0.00 
3 14 50.25 37.50 0.35 0.00 
3 15 53.86 45.61 0.89 0.90 
3 16 55.31 41.01 0.36 0.99 
3 17 46.95 38.58 0.18 0.00 
3 18 45.15 31.31 0.02 0.00 
3 19 45.64 32.28 0.01 0.00 
3 20 48.67 36.88 0.88 0.00 
3 21 36.52 32.41 0.98 0.00 
3 22 44.53 32.54 0.51 0.00 
3 23 54.23 31.18 0.01 0.39 
3 24 60.30 43.54 0.00 3.16 
3 25 48.65 37.97 0.27 0.00 
3 26 55.56 33.61 0.03 0.70 
3 27 54.11 44.89 0.31 0.92 
3 28 51.40 43.80 0.17 0.13 
3 29 54.19 45.64 0.00 1.03 
3 30 53.22 39.45 1.26 0.38 
3 31 55.20 39.81 0.45 0.88 
4 1 47.02 39.71 0.32 0.00 
4 2 63.04 38.80 0.01 3.51 
4 3 48.44 41.15 0.29 0.00 
4 4 45.65 39.37 0.35 0.00 
4 5 48.57 34.95 0.25 0.00 
4 6 52.35 33.47 0.00 0.15 
4 7 58.06 34.69 0.00 1.39 
4 8 67.69 41.33 0.00 5.94 
4 9 63.57 42.43 0.00 4.36 
4 10 63.58 45.62 0.16 5.13 
4 11 55.35 44.91 0.39 1.37 
4 12 56.71 39.15 0.31 1.28 
4 13 55.54 41.51 0.01 1.09 
4 14 62.89 34.31 0.00 2.91 
4 15 63.61 38.33 0.18 3.66 
4 16 57.73 43.54 0.27 2.11 
4 17 53.10 35.72 0.15 0.28 
4 18 58.00 47.23 0.12 2.97 
4 19 60.29 46.71 0.34 3.90 
4 20 66.40 49.60 0.01 8.00 
4 21 70.80 45.17 0.00 8.44 
4 22 78.10 45.70 0.00 12.19 
4 23 79.60 51.87 0.00 15.73 
4 24 63.71 52.76 0.00 8.23 
4 25 66.03 51.79 0.05 8.91 
4 26 56.23 45.45 0.37 1.80 
4 27 56.08 42.47 0.05 1.36 
4 28 62.00 46.93 0.02 4.78 
4 29 66.67 42.30 0.04 5.70 
4 30 55.70 42.73 0.56 1.25 
5 1 54.04 40.81 0.10 0.62 
5 2 55.54 39.48 0.20 0.96 
5 3 58.58 46.03 0.53 2.93 
5 4 54.33 41.29 0.08 0.72 
5 5 55.38 36.35 0.00 0.76 
5 6 65.39 40.31 0.00 4.72 
5 7 74.90 44.45 0.00 10.18 
5 8 71.90 43.93 0.00 8.57 
5 9 59.72 40.39 0.00 2.44 
5 10 60.31 34.51 0.00 2.06 
5 11 70.30 39.11 0.00 6.61 
5 12 78.40 43.86 0.00 11.68 
5 13 83.20 41.47 0.00 13.21 
5 14 74.70 50.98 0.00 12.84 
5 15 75.60 43.28 0.00 10.14 
5 16 72.90 47.00 0.00 10.12 
5 17 66.54 40.43 0.00 5.24 
5 18 63.93 33.37 0.00 3.17 
5 19 68.87 36.09 0.00 5.43 
5 20 64.75 54.81 0.06 9.78 
5 21 60.29 53.14 0.36 6.72 
5 22 56.70 49.09 0.20 2.95 
5 23 59.37 47.32 0.10 3.64 
5 24 54.77 48.40 0.63 1.79 
5 25 70.30 47.11 0.02 8.89 
5 26 64.83 48.98 0.00 6.94 
5 27 61.46 49.54 0.00 5.51 
5 28 62.85 46.63 0.00 5.09 
5 29 67.55 40.99 0.00 5.80 
5 30 73.50 42.28 0.00 8.84 
5 31 75.00 53.75 0.00 14.38 
6 1 76.60 54.43 0.08 15.52 
6 2 66.63 52.07 0.03 9.35 
6 3 62.48 46.67 0.05 4.93 
6 4 61.26 48.99 0.35 5.17 
6 5 60.92 45.26 0.02 3.81 
6 6 67.21 38.33 0.00 5.13 
6 7 61.33 49.98 0.36 5.66 
6 8 56.55 47.83 0.24 2.46 
6 9 62.49 43.35 0.00 4.08 
6 10 70.10 37.72 0.00 6.24 
6 11 76.30 44.88 0.00 11.01 
6 12 68.25 56.05 0.06 12.15 
6 13 67.23 53.42 0.00 10.33 
6 14 69.94 46.58 0.00 8.51 
6 15 78.10 45.37 0.00 12.06 
6 16 84.30 53.50 0.00 18.90 
6 17 70.30 54.66 0.00 12.48 
6 18 62.78 52.08 0.00 7.43 
6 19 61.07 50.33 0.06 5.70 
6 20 77.20 45.80 0.00 11.78 
6 21 79.20 46.42 0.00 13.01 
6 22 63.05 53.38 0.44 8.22 
6 23 63.68 50.21 0.06 6.95 
6 24 67.40 51.80 0.01 9.60 
6 25 63.75 51.93 0.27 7.84 
6 26 64.90 49.70 0.06 7.30 
6 27 75.20 45.83 0.00 10.81 
6 28 72.10 48.17 0.00 10.20 
6 29 72.90 58.39 0.01 15.65 
6 30 66.31 61.04 0.32 13.67 
7 1 67.17 57.33 0.00 12.25 
7 2 70.70 54.46 0.00 12.58 
7 3 66.22 51.48 0.04 8.85 
7 4 72.60 46.56 0.00 9.81 
7 5 78.90 46.47 0.00 12.88 
7 6 80.70 48.73 0.00 14.74 
7 7 85.90 51.52 0.00 18.71 
7 8 87.80 54.12 0.00 20.96 
7 9 85.00 53.58 0.00 19.29 
7 10 82.20 49.11 0.00 15.67 
7 11 86.90 52.11 0.00 19.50 
7 12 81.10 53.37 0.00 17.23 
7 13 83.00 47.64 0.00 15.40 
7 14 84.50 53.31 0.00 18.91 
7 15 71.70 55.55 0.00 13.62 
7 16 75.10 57.09 0.00 16.09 
7 17 78.30 53.78 0.12 16.04 
7 18 69.82 60.17 0.00 15.00 
7 19 83.60 60.70 0.00 22.15 
7 20 71.40 57.98 0.01 14.69 
7 21 80.90 55.27 0.00 18.09 
7 22 70.90 49.77 0.00 10.34 
7 23 73.30 45.20 0.00 9.66 
7 24 80.40 51.67 0.00 16.03 
7 25 86.70 51.37 0.00 19.03 
7 26 82.80 49.93 0.00 16.37 
7 27 74.70 52.20 0.00 13.45 
7 28 79.80 48.60 0.00 14.23 
7 29 75.10 53.77 0.00 14.44 
7 30 76.20 50.19 0.00 13.20 
7 31 79.90 51.91 0.00 15.91 
8 1 80.30 50.46 0.00 15.38 
8 2 79.80 48.85 0.00 14.35 
8 3 89.70 57.57 0.00 23.64 
8 4 99.10 59.63 0.00 29.36 
8 5 91.50 58.63 0.00 25.06 
8 6 84.20 55.42 0.00 19.81 
8 7 82.40 50.61 0.00 16.50 
8 8 76.20 50.99 0.00 13.59 
8 9 81.70 54.71 0.00 18.20 
8 10 81.80 52.48 0.00 17.14 
8 11 86.80 50.55 0.00 18.67 
8 12 94.20 55.78 0.00 24.99 
8 13 93.70 51.87 0.00 22.78 
8 14 90.50 53.80 0.00 22.15 
8 15 92.50 61.52 0.00 27.01 
8 16 93.10 59.04 0.00 26.07 
8 17 92.50 55.19 0.00 23.84 
8 18 83.10 55.17 0.00 19.13 
8 19 77.50 47.44 0.00 12.58 
8 20 80.90 48.08 0.00 14.55 
8 21 80.10 50.13 0.00 15.11 
8 22 77.70 52.59 0.00 15.15 
8 23 74.10 48.35 0.00 11.28 
8 24 76.80 44.79 0.00 11.22 
8 25 81.60 45.53 0.00 13.84 
8 26 74.20 48.71 0.02 11.49 
8 27 76.10 56.68 0.01 16.39 
8 28 76.30 52.36 0.00 14.33 
8 29 74.90 48.81 0.00 11.88 
8 30 78.60 51.15 0.00 14.88 
8 31 76.10 45.04 0.00 10.97 
9 1 76.00 41.55 0.00 9.81 
9 2 77.70 45.03 0.00 11.74 
9 3 79.70 51.07 0.00 15.39 
9 4 84.40 50.94 0.00 17.67 
9 5 86.10 50.34 0.00 18.22 
9 6 86.10 46.59 0.00 16.49 
9 7 92.60 49.60 0.00 21.10 
9 8 71.00 48.16 0.00 9.65 
9 9 68.78 49.40 0.00 9.10 
9 10 69.70 50.59 0.00 10.15 
9 11 72.80 42.37 0.00 8.54 
9 12 84.30 48.65 0.00 16.50 
9 13 88.00 47.98 0.00 18.04 
9 14 88.90 47.71 0.00 18.37 
9 15 83.20 44.80 0.00 14.35 
9 16 81.00 49.21 0.00 15.11 
9 17 87.10 44.73 0.00 16.24 
9 18 81.40 45.88 0.00 13.88 
9 19 75.80 43.36 0.00 10.26 
9 20 69.61 44.57 0.00 7.68 
9 21 63.78 54.84 0.00 9.31 
9 22 68.89 51.37 0.00 10.13 
9 23 73.90 50.79 0.32 12.34 
9 24 73.70 45.47 0.00 9.95 
9 25 74.60 51.51 0.00 13.05 
9 26 71.40 45.08 0.00 8.70 
9 27 80.00 41.54 0.00 11.70 
9 28 83.50 53.07 0.00 18.28 
9 29 75.70 51.12 0.00 13.41 
9 30 75.60 47.61 0.00 11.71 
10 1 84.30 49.65 0.00 16.98 
10 2 71.60 53.48 0.00 12.54 
10 3 73.00 48.97 0.00 11.01 
10 4 74.40 53.08 0.00 13.74 
10 5 76.90 43.15 0.00 10.72 
10 6 77.30 35.47 0.00 8.91 
10 7 77.80 37.51 0.00 9.59 
10 8 71.00 32.00 0.00 5.65 
10 9 68.38 33.88 0.00 4.90 
10 10 71.50 35.91 0.00 6.49 
10 11 67.88 36.22 0.00 5.05 
10 12 53.80 37.90 1.06 0.45 
10 13 65.77 53.23 0.00 9.50 
10 14 64.29 53.28 0.60 8.79 
10 15 65.86 59.09 0.65 12.48 
10 16 63.07 44.47 0.03 4.59 
10 17 61.84 39.47 0.00 3.13 
10 18 65.86 37.72 0.05 4.47 
10 19 58.56 51.15 0.19 4.86 
10 20 56.21 43.63 0.01 1.53 
10 21 52.42 41.88 0.16 0.28 
10 22 49.64 42.84 0.42 0.00 
10 23 50.32 42.37 0.14 0.01 
10 24 51.87 41.60 0.11 0.17 
10 25 56.18 34.49 0.08 0.88 
10 26 59.33 45.61 0.01 3.17 
10 27 60.18 45.11 0.57 3.44 
10 28 63.13 58.23 0.35 10.68 
10 29 67.23 58.37 0.06 12.80 
10 30 63.77 56.85 0.05 10.31 
10 31 57.79 53.41 0.41 5.60 
11 1 60.39 49.83 0.23 5.11 
11 2 55.10 46.74 0.15 1.56 
11 3 63.19 52.77 0.06 7.98 
11 4 71.70 55.40 0.00 13.55 
11 5 61.82 53.09 0.00 7.45 
11 6 63.52 54.73 0.00 9.12 
11 7 56.36 41.24 0.06 1.34 
11 8 46.49 43.27 0.10 0.00 
11 9 49.22 39.46 0.16 0.00 
11 10 45.41 35.82 0.01 0.00 
11 11 47.47 40.79 0.43 0.00 
11 12 52.94 46.43 0.45 0.66 
11 13 52.97 44.06 0.06 0.49 
11 14 52.93 46.23 0.00 0.64 
11 15 48.50 39.75 0.00 0.00 
11 16 53.36 39.42 0.00 0.40 
11 17 53.02 43.68 0.66 0.49 
11 18 52.82 43.52 0.73 0.43 
11 19 56.33 49.30 1.69 2.85 
11 20 56.56 47.08 0.88 2.27 
11 21 51.21 37.33 0.50 0.05 
11 22 47.32 32.91 0.00 0.00 
11 23 51.03 37.54 0.49 0.04 
11 24 51.29 42.18 0.19 0.09 
11 25 42.98 37.23 0.01 0.00 
11 26 48.13 30.35 0.00 0.00 
11 27 44.96 32.68 0.01 0.00 
11 28 45.94 34.72 0.03 0.00 
11 29 54.24 37.47 0.33 0.54 
11 30 56.41 47.37 0.53 2.27 
12 1 52.15 45.49 0.64 0.35 
12 2 49.85 44.89 0.81 0.00 
12 3 54.65 47.39 0.32 1.49 
12 4 56.66 46.46 0.49 2.17 
12 5 50.84 37.64 0.09 0.03 
12 6 49.11 36.72 0.05 0.00 
12 7 50.00 43.48 0.07 0.00 
12 8 46.32 39.54 0.01 0.00 
12 9 47.91 41.89 0.03 0.00 
12 10 51.45 46.82 0.01 0.23 
12 11 47.77 43.66 0.24 0.00 
12 12 47.01 39.37 0.01 0.00 
12 13 41.97 36.91 0.00 0.00 
12 14 46.15 36.05 0.21 0.00 
12 15 41.35 33.55 0.22 0.00 
12 16 52.17 35.23 0.33 0.14 
12 17 50.66 35.41 0.37 0.01 
12 18 36.17 32.76 0.48 0.00 
12 19 47.70 35.47 0.02 0.00 
12 20 47.77 35.77 1.02 0.00 
12 21 44.35 31.49 0.18 0.00 
12 22 45.17 38.59 0.27 0.00 
12 23 41.40 39.07 0.58 0.00 
12 24 45.72 36.32 0.01 0.00 
12 25 47.86 38.85 0.37 0.00 
12 26 47.64 39.22 0.03 0.00 
12 27 46.86 34.73 0.04 0.00 
12 28 42.33 36.35 0.00 0.00 
12 29 42.10 32.70 0.00 0.00 
12 30 39.64 29.92 0.00 0.00 
12 31 39.79 31.90 0.00 0.00
