 2016  CRVO      {AGRIMET CORVALLIS OR Lat:44.6342 Long:-123.1897 Elev:230 Rec:MnDayMaxMinPrecDD50}
 1  1  40.0  29.8 0.00  0.0 
 1  2  36.6  26.6 0.00  0.0 
 1  3  31.2  24.9 0.00  0.0 
 1  4  34.0  30.5 0.30  0.0 
 1  5  39.1  33.2 0.10  0.0 
 1  6  41.3  32.9 0.07  0.0 
 1  7  39.4  35.5 0.00  0.0 
 1  8  38.8  37.3 0.00  0.0 
 1  9  47.9  37.4 0.17  0.0 
 1 10  44.2  31.7 0.00  0.0 
 1 11  43.4  31.9 0.15  0.0 
 1 12  50.6  38.0 0.92  0.0 
 1 13  53.4  39.1 0.22  0.4 
 1 14  44.4  38.9 0.27  0.0 
 1 15  49.4  38.3 0.00  0.0 
 1 16  52.6  40.8 0.33  0.3 
 1 17  48.8  39.8 1.03  0.0 
 1 18  51.4  37.3 0.38  0.1 
 1 19  47.9  43.2 0.92  0.0 
 1 20  46.4  38.2 0.08  0.0 
 1 21  54.9  45.2 0.18  1.2 
 1 22  57.1  48.7 0.34  3.0 
 1 23  51.9  45.1 0.19  0.3 
 1 24  47.0  40.5 0.07  0.0 
 1 25  56.4  39.7 0.00  1.2 
 1 26  55.8  48.3 0.06  2.3 
 1 27  62.0  47.1 0.00  4.8 
 1 28  60.2  43.5 0.43  3.1 
 1 29  51.6  41.7 0.56  0.1 
 1 30  45.1  35.6 0.83  0.0 
 1 31  42.0  31.3 0.17  0.0 
 2  1  46.4  32.9 0.01  0.0 
 2  2  48.6  36.6 0.06  0.0 
 2  3  47.0  40.6 0.19  0.0 
 2  4  53.9  41.0 0.10  0.6 
 2  5  57.7  36.0 0.13  1.4 
 2  6  51.5  36.6 0.01  0.1 
 2  7  54.4  40.9 0.00  0.7 
 2  8  61.6  34.6 0.01  2.5 
 2  9  58.4  34.1 0.01  1.5 
 2 10  60.4  37.8 0.00  2.4 
 2 11  55.9  49.2 0.12  2.6 
 2 12  55.8  42.1 0.21  1.2 
 2 13  49.7  37.3 0.21  0.0 
 2 14  56.7  47.7 0.18  2.5 
 2 15  62.0  45.4 0.01  4.3 
 2 16  56.8  45.5 0.00  2.0 
 2 17  60.0  46.7 0.13  3.8 
 2 18  49.5  43.6 0.48  0.0 
 2 19  48.0  40.6 0.47  0.0 
 2 20  51.1  33.6 0.00  0.0 
 2 21  52.9  32.8 0.14  0.2 
 2 22  53.6  36.9 0.01  0.4 
 2 23  55.6  38.8 0.00  0.9 
 2 24  61.8  37.3 0.00  2.8 
 2 25  61.4  35.0 0.00  2.5 
 2 26  52.9  38.2 0.27  0.3 
 2 27  58.4  46.7 0.12  3.0 
 2 28  55.3  40.9 0.11  1.0 
 2 29  53.3  38.0 0.19  0.3 
 3  1  56.8  44.6 0.07  1.9 
 3  2  53.6  39.5 0.38  0.5 
 3  3  63.3  44.5 0.02  4.7 
 3  4  58.1  36.2 0.00  1.5 
 3  5  61.3  48.7 0.49  5.1 
 3  6  52.2  44.9 0.53  0.3 
 3  7  53.2  39.2 0.19  0.4 
 3  8  47.8  33.5 0.13  0.0 
 3  9  56.8  44.4 0.50  1.9 
 3 10  56.9  39.9 0.20  1.4 
 3 11  49.0  40.6 0.19  0.0 
 3 12  48.3  40.5 0.53  0.0 
 3 13  53.6  42.4 0.84  0.6 
 3 14  49.8  40.2 0.85  0.0 
 3 15  49.0  41.2 0.37  0.0 
 3 16  51.2  40.6 0.20  0.1 
 3 17  60.8  36.4 0.00  2.4 
 3 18  62.1  44.0 0.00  4.0 
 3 19  63.3  46.6 0.00  5.3 
 3 20  60.8  47.6 0.49  4.4 
 3 21  50.5  44.5 0.43  0.0 
 3 22  55.0  42.5 0.33  1.0 
 3 23  52.9  41.2 0.02  0.4 
 3 24  55.9  40.7 0.07  1.1 
 3 25  55.6  37.2 0.05  0.8 
 3 26  56.1  37.4 0.26  1.0 
 3 27  52.0  42.3 0.04  0.2 
 3 28  55.6  36.5 0.02  0.8 
 3 29  62.8  33.0 0.00  2.7 
 3 30  69.8  37.8 0.00  6.1 
 3 31  73.6  38.8 0.00  8.0 
 4  1  73.2  39.2 0.00  7.9 
 4  2  69.4  40.0 0.00  6.4 
 4  3  69.9  39.1 0.28  6.4 
 4  4  58.4  43.1 0.14  2.3 
 4  5  61.0  37.9 0.00  2.6 
 4  6  69.7  37.8 0.00  6.1 
 4  7  81.8  43.1 0.00 13.1 
 4  8  75.4  45.7 0.00 10.9 
 4  9  66.1  44.9 0.00  6.1 
 4 10  61.2  45.2 0.00  3.9 
 4 11  62.4  45.2 0.00  4.5 
 4 12  59.2  47.1 0.05  3.5 
 4 13  60.6  45.8 0.11  3.8 
 4 14  56.1  42.8 0.67  1.4 
 4 15  61.2  41.2 0.00  3.1 
 4 16  66.7  39.0 0.00  5.0 
 4 17  79.7  42.5 0.00 11.9 
 4 18  83.8  47.7 0.00 15.8 
 4 19  80.8  46.8 0.00 14.0 
 4 20  75.8  47.3 0.00 11.7 
 4 21  73.2  42.6 0.59  8.8 
 4 22  63.3  49.5 0.51  6.4 
 4 23  59.1  43.0 0.15  2.6 
 4 24  53.9  42.4 0.14  0.7 
 4 25  57.1  38.5 0.01  1.3 
 4 26  57.6  33.2 0.00  1.2 
 4 27  60.9  46.0 0.19  4.0 
 4 28  60.2  43.8 0.00  3.2 
 4 29  60.1  45.9 0.14  3.6 
 4 30  65.0  36.5 0.00  4.0 
 5  1  78.3  48.9 0.00 13.6 
 5  2  82.4  48.0 0.00 15.3 
 5  3  69.4  48.8 0.00  9.1 
 5  4  60.2  52.5 0.04  6.3 
 5  5  68.1  51.4 0.01  9.7 
 5  6  78.9  45.8 0.00 12.6 
 5  7  83.2  51.5 0.00 17.3 
 5  8  64.4  46.8 0.01  5.9 
 5  9  65.5  40.0 0.00  4.7 
 5 10  75.4  43.6 0.00 10.2 
 5 11  83.4  48.8 0.00 16.1 
 5 12  81.3  42.1 0.00 12.5 
 5 13  78.2  45.0 0.01 12.0 
 5 14  56.8  52.1 0.35  4.5 
 5 15  63.3  52.1 0.08  7.7 
 5 16  62.6  51.8 0.00  7.2 
 5 17  72.9  48.4 0.00 10.7 
 5 18  75.2  46.9 0.00 11.2 
 5 19  60.1  48.3 0.09  4.3 
 5 20  62.8  46.0 0.00  4.8 
 5 21  62.3  48.3 0.02  5.4 
 5 22  62.3  45.6 0.18  4.5 
 5 23  63.9  46.0 0.03  5.4 
 5 24  68.6  42.5 0.00  6.6 
 5 25  64.4  50.5 0.00  7.4 
 5 26  61.0  49.0 0.00  5.1 
 5 27  63.4  45.6 0.00  5.0 
 5 28  72.9  36.9 0.00  7.3 
 5 29  69.8  43.4 0.00  7.4 
 5 30  75.2  45.8 0.00 10.8 
 5 31  83.8  49.5 0.00 16.7 
 6  1  80.6  49.9 0.00 15.2 
 6  2  69.0  56.8 0.09 12.9 
 6  3  84.1  52.1 0.01 18.1 
 6  4  94.5  61.9 0.00 28.2 
 6  5  90.9  61.6 0.00 26.2 
 6  6  90.1  55.2 0.00 22.7 
 6  7  88.2  52.0 0.00 20.1 
 6  8  73.0  53.1 0.00 13.1 
 6  9  62.4  50.2 0.03  6.3 
 6 10  65.8  43.0 0.01  5.5 
 6 11  68.1  47.5 0.00  8.0 
 6 12  76.1  47.5 0.00 11.9 
 6 13  64.2  44.5 0.00  5.1 
 6 14  63.4  45.0 0.06  4.9 
 6 15  62.1  44.1 0.02  4.0 
 6 16  65.3  41.8 0.00  5.0 
 6 17  69.9  49.2 0.00  9.6 
 6 18  67.9  48.3 0.16  8.2 
 6 19  74.3  44.0 0.00  9.7 
 6 20  75.7  47.3 0.00 11.6 
 6 21  74.7  45.4 0.00 10.4 
 6 22  78.4  45.4 0.00 12.2 
 6 23  65.3  53.6 0.08  9.4 
 6 24  69.0  51.6 0.01 10.3 
 6 25  78.8  51.3 0.00 15.1 
 6 26  87.6  53.9 0.00 20.8 
 6 27  85.7  53.5 0.00 19.6 
 6 28  83.3  49.7 0.00 16.5 
 6 29  81.2  49.5 0.00 15.4 
 6 30  80.2  49.8 0.00 15.0 
 7  1  81.6  50.1 0.00 15.8 
 7  2  85.6  55.8 0.00 20.7 
 7  3  77.9  50.5 0.00 14.2 
 7  4  74.1  48.0 0.00 11.2 
 7  5  76.8  49.1 0.00 13.0 
 7  6  80.2  51.4 0.00 15.8 
 7  7  71.7  51.0 0.06 11.4 
 7  8  73.8  58.0 0.06 15.9 
 7  9  72.4  54.9 0.02 13.7 
 7 10  67.6  54.9 0.25 11.2 
 7 11  74.1  54.9 0.00 14.5 
 7 12  72.1  55.5 0.02 13.8 
 7 13  79.8  53.0 0.00 16.4 
 7 14  83.3  50.7 0.00 17.0 
 7 15  76.2  48.4 0.00 12.3 
 7 16  72.8  50.8 0.00 11.8 
 7 17  71.2  52.1 0.00 11.7 
 7 18  72.5  60.0 0.00 16.3 
 7 19  75.5  54.8 0.00 15.1 
 7 20  83.4  47.6 0.00 15.6 
 7 21  78.5  52.8 0.00 15.6 
 7 22  75.1  58.6 0.00 16.9 
 7 23  78.1  52.9 0.00 15.5 
 7 24  86.3  53.6 0.00 19.9 
 7 25  85.9  53.3 0.00 19.6 
 7 26  85.9  51.7 0.00 18.8 
 7 27  88.9  53.4 0.00 21.1 
 7 28  94.7  55.4 0.00 25.1 
 7 29  94.9  56.4 0.00 25.7 
 7 30  81.4  50.8 0.00 16.1 
 7 31  78.4  46.8 0.00 12.8 
 8  1  82.9  50.7 0.00 16.8 
 8  2  76.7  46.9 0.00 11.9 
 8  3  81.5  52.6 0.00 17.0 
 8  4  92.1  58.4 0.00 25.2 
 8  5  82.9  49.9 0.00 16.4 
 8  6  79.4  45.6 0.00 12.8 
 8  7  73.2  46.2 0.00 10.0 
 8  8  68.1  49.7 0.08  8.9 
 8  9  72.2  51.3 0.01 11.8 
 8 10  79.9  54.2 0.00 17.1 
 8 11  88.1  54.5 0.00 21.3 
 8 12  94.9  53.8 0.00 24.3 
 8 13  94.6  57.0 0.00 25.8 
 8 14  91.3  55.1 0.00 23.2 
 8 15  88.2  54.1 0.00 21.1 
 8 16  87.3  52.7 0.00 20.0 
 8 17  84.7  49.9 0.00 17.3 
 8 18  98.7  52.4 0.00 25.5 
 8 19 101.1  65.0 0.00 33.1 
 8 20  97.2  59.4 0.00 28.3 
 8 21  83.4  50.1 0.00 16.8 #Vx
 8 22  76.0  53.4 0.00 14.7 
 8 23  82.1  49.1 0.00 15.6 
 8 24  91.8  52.4 0.00 22.1 
 8 25  94.5  66.2 0.00 30.3 
 8 26  96.5  63.7 0.00 30.1 
 8 27  82.0  50.8 0.00 16.4 
 8 28  85.3  49.8 0.00 17.6 
 8 29  82.1  47.3 0.00 14.8 
 8 30  71.6  50.2 0.00 10.9 
 8 31  69.5  50.0 0.00  9.7 
 9  1  69.9  53.1 0.00 11.5 
 9  2  73.1  53.1 0.02 13.1 
 9  3  71.5  41.3 0.00  7.7 
 9  4  70.9  44.4 0.00  8.3 
 9  5  73.7  46.9 0.00 10.5 
 9  6  69.8  51.7 0.18 10.7 
 9  7  76.5  57.0 0.00 16.8 
 9  8  78.0  45.7 0.00 12.1 
 9  9  82.8  48.7 0.00 15.8 
 9 10  88.5  53.6 0.00 21.1 
 9 11  74.6  52.2 0.00 13.4 
 9 12  78.7  48.6 0.00 13.7 
 9 13  80.4  56.6 0.00 18.5 
 9 14  79.5  42.2 0.00 11.6 
 9 15  82.0  39.3 0.00 12.0 
 9 16  84.5  45.6 0.00 15.3 
 9 17  63.9  51.1 0.25  7.5 
 9 18  70.4  49.9 0.09 10.2 
 9 19  67.2  45.5 0.01  6.8 
 9 20  70.7  49.1 0.00  9.9 
 9 21  71.6  41.1 0.00  7.7 
 9 22  69.7  41.0 0.04  6.8 
 9 23  61.4  47.6 0.03  4.7 
 9 24  70.0  49.5 0.00  9.8 
 9 25  81.8  45.9 0.00 14.1 
 9 26  89.9  50.0 0.00 19.9 
 9 27  75.5  53.1 0.00 14.3 
 9 28  74.5  48.1 0.00 11.3 
 9 29  71.4  43.3 0.00  8.1 
 9 30  65.2  38.2 0.00  4.3 
10  1  63.3  48.8 0.10  6.1 
10  2  59.3  47.2 0.41  3.6 
10  3  56.5  43.8 0.08  1.7 
10  4  62.1  52.2 0.12  7.2 
10  5  59.4  52.7 0.60  6.0 
10  6  61.7  49.9 0.20  5.8 
10  7  64.8  54.1 0.42  9.4 
10  8  72.0  55.6 0.01 13.8 
10  9  70.6  56.5 0.10 13.6 
10 10  60.9  45.1 0.01  3.8 
10 11  62.9  40.4 0.01  3.7 
10 12  58.3  37.6 0.02  1.7 
10 13  61.4  50.5 1.56  6.0 
10 14  64.5  53.3 1.08  8.9 
10 15  58.8  52.8 0.64  5.8 
10 16  54.1  50.2 0.73  2.2 
10 17  60.9  49.7 1.24  5.3 
10 18  57.3  45.6 0.35  2.3 
10 19  54.0  43.7 0.05  0.8 
10 20  61.8  52.9 0.36  7.3 
10 21  63.7  50.1 0.03  6.9 
10 22  58.0  44.7 0.04  2.4 
10 23  60.2  50.5 0.05  5.4 
10 24  54.3  48.4 0.15  1.6 
10 25  62.5  47.1 0.03  5.1 
10 26  64.8  52.0 1.00  8.4 
10 27  57.4  51.0 0.75  4.2 
10 28  63.6  48.0 0.01  5.9 
10 29  61.9  49.0 0.07  5.5 
10 30  54.8  48.2 0.15  1.7 
10 31  61.4  50.4 0.57  5.9 
11  1  60.9  44.5 0.00  3.6 
11  2  64.0  48.5 0.02  6.3 
11  3  62.0  43.8 0.00  4.0 
11  4  63.8  41.8 0.01  4.3 
11  5  56.1  49.7 1.13  2.9 
11  6  60.9  46.6 0.02  4.1 
11  7  60.2  49.0 0.01  4.6 
11  8  64.2  45.5 0.01  5.4 
11  9  66.8  46.5 0.00  6.9 
11 10  60.9  49.1 0.01  5.0 
11 11  54.5  50.2 0.02  2.4 
11 12  59.9  44.8 0.10  3.3 
11 13  58.9  43.5 0.34  2.6 
11 14  56.7  53.4 0.48  5.1 
11 15  57.9  42.5 0.28  2.0 
11 16  47.5  42.0 0.21  0.0 
11 17  52.7  40.2 0.01  0.3 
11 18  47.9  40.3 0.01  0.0 
11 19  60.9  44.0 0.02  3.5 
11 20  55.7  49.4 0.24  2.6 
11 21  56.0  42.0 0.06  1.3 
11 22  52.4  41.0 0.54  0.2 
11 23  49.4  43.3 0.28  0.0 
11 24  51.2  45.7 1.47  0.1 
11 25  51.6  45.5 0.79  0.2 
11 26  53.5  41.4 0.22  0.5 
11 27  50.5  39.2 0.13  0.0 
11 28  51.9  42.6 0.03  0.2 
11 29  52.1  36.8 0.11  0.1 
11 30  49.4  40.0 0.12  0.0 
12  1  46.5  37.2 0.02  0.0 
12  2  46.3  35.5 0.04  0.0 
12  3  51.6  40.0 0.00  0.1 
12  4  46.3  35.1 0.49  0.0 
12  5  40.0  34.6 0.23  0.0 
12  6  38.2  31.7 0.13  0.0 
12  7  36.6  30.2 0.00  0.0 
12  8  32.3  30.0 0.36  0.0 
12  9  47.8  32.5 0.32  0.0 
12 10  49.6  35.0 0.20  0.0 
12 11  48.3  40.5 0.60  0.0 
12 12  49.2  33.8 0.02  0.0 
12 13  38.4  31.1 0.01  0.0 
12 14  33.1  27.5 0.07  0.0 
12 15  31.7  27.6 0.01  0.0 
12 16  41.1  16.0 0.26  0.0 
12 17  32.5  17.1 0.02  0.0 
12 18  33.0  25.7 0.03  0.0 
12 19  43.7  29.2 0.62  0.0 
12 20  50.6  30.6 0.59  0.0 
12 21  34.8  28.8 0.00  0.0 
12 22  40.0  30.5 0.02  0.0 
12 23  45.5  33.5 0.13  0.0 
12 24  45.1  29.7 0.01  0.0 
12 25  42.2  26.6 0.00  0.0 
12 26  40.6  25.9 0.29  0.0 
12 27  49.2  39.8 0.25  0.0 
12 28  39.8  31.4 0.01  0.0 
12 29  44.6  34.4 0.00  0.0 
12 30  46.5  34.8 0.00  0.0 
12 31 37.01 32.43 0.04 0.00
