 2021  CRVO      {AGRIMET CORVALLIS OR Lat:44.6342 Long:-123.1897 Elev:230 Rec:MnDayMaxMinPrecDD50}
 1  1  53.1  46.3 0.27  0.7 
 1  2  50.2  46.5 0.76  0.0 
 1  3  51.3  41.8 0.73  0.1 
 1  4  53.0  42.0 0.71  0.4 
 1  5  53.2  40.5 0.00  0.4 
 1  6  52.8  44.8 0.80  0.5 
 1  7  52.3  37.7 0.01  0.2 
 1  8  53.6  34.3 0.41  0.3 
 1  9  39.2  33.3 0.01  0.0 
 1 10  50.5  37.4 0.18  0.0 
 1 11  50.6  38.1 0.18  0.0 
 1 12  58.3  51.2 1.43  4.8 
 1 13  59.8  43.8 0.14  3.0 
 1 14  54.8  36.5 0.00  0.6 
 1 15  51.4  44.5 0.10  0.1 
 1 16  47.8  44.6 0.00  0.0 
 1 17  53.6  40.7 0.01  0.5 
 1 18  47.0  36.8 0.00  0.0 
 1 19  51.4  34.0 0.01  0.1 
 1 20  45.7  28.9 0.00  0.0 
 1 21  47.0  39.4 0.02  0.0 
 1 22  48.4  37.6 0.01  0.0 
 1 23  46.7  28.2 0.00  0.0 
 1 24  39.5  34.7 0.36  0.0 
 1 25  43.4  30.9 0.03  0.0 
 1 26  36.1  31.7 0.37  0.0 
 1 27  42.8  31.1 0.60  0.0 
 1 28  47.1  38.5 0.09  0.0 
 1 29  46.7  38.9 0.16  0.0 
 1 30  50.7  41.0 0.19  0.0 
 1 31  50.8  45.9 0.38  0.1 
 2  1  48.9  45.5 0.71  0.0 
 2  2  49.7  41.3 0.43  0.0 
 2  3  48.6  35.3 0.69  0.0 
 2  4  48.0  33.6 0.00  0.0 
 2  5  51.1  36.8 0.02  0.0 
 2  6  48.5  31.5 0.09  0.0 
 2  7  49.0  33.9 0.01  0.0 
 2  8  46.2  34.0 0.00  0.0 
 2  9  46.2  30.5 0.00  0.0 
 2 10  45.0  26.6 0.02  0.0 
 2 11  39.6  31.1 0.36  0.0 
 2 12  31.8  29.5 0.00  0.0 
 2 13  50.5  31.4 0.33  0.0 
 2 14  48.5  37.8 0.26  0.0 
 2 15  52.1  45.0 0.24  0.3 
 2 16  50.1  41.6 0.01  0.0 
 2 17  49.8  32.6 0.00  0.0 
 2 18  47.7  38.0 0.41  0.0 
 2 19  49.6  41.8 0.50  0.0 
 2 20  51.0  38.4 0.16  0.0 
 2 21  50.2  43.2 0.01  0.0 
 2 22  53.6  44.4 0.22  0.7 
 2 23  49.3  34.0 0.01  0.0 
 2 24  48.3  31.0 0.00  0.0 
 2 25  49.9  34.0 0.21  0.0 
 2 26  48.0  40.5 0.28  0.0 
 2 27  49.3  39.6 0.03  0.0 
 2 28  56.7  34.2 0.00  1.0 
 3  1  60.0  35.8 0.00  2.0 
 3  2  55.4  34.2 0.00  0.7 
 3  3  60.7  32.3 0.00  2.0 #Px
 3  4  56.0  39.4  M    1.1 #PxPn
 3  5  49.2  38.8 0.38  0.0 
 3  6  51.8  39.5 0.05  0.1 
 3  7  51.0  38.5 0.09  0.0 
 3  8  50.2  35.3 0.05  0.0 
 3  9  53.4  35.9 0.38  0.3 
 3 10  53.2  33.1 0.02  0.3 
 3 11  56.4  30.0 0.01  0.8 
 3 12  59.5  30.4 0.00  1.6 
 3 13  62.3  29.5 0.00  2.3 
 3 14  51.1  39.0 0.18  0.1 
 3 15  47.8  29.7 0.06  0.0 
 3 16  51.8  27.2 0.01  0.1 
 3 17  61.2  29.4 0.00  2.0 
 3 18  53.7  37.6 0.16  0.4 
 3 19  51.7  43.0 0.23  0.2 
 3 20  52.5  40.0 0.13  0.3 
 3 21  49.3  37.0 0.05  0.0 
 3 22  52.2  35.9 0.18  0.1 
 3 23  55.0  30.4 0.00  0.5 
 3 24  49.1  37.6 0.05  0.0 
 3 25  52.0  35.1 0.15  0.1 
 3 26  57.5  29.7 0.00  1.0 
 3 27  64.6  35.9 0.00  3.7 
 3 28  53.6  36.0 0.11  0.4 
 3 29  51.3  31.9 0.08  0.0 
 3 30  54.3  27.7 0.00  0.3 
 3 31  64.8  34.8 0.00  3.6 
 4  1  70.2  35.5 0.00  5.9 
 4  2  61.5  35.5 0.00  2.5 
 4  3  65.2  36.7 0.00  4.1 
 4  4  58.0  39.3 0.00  1.7 
 4  5  57.9  28.4 0.00  1.1 
 4  6  63.5  33.8 0.00  3.1 
 4  7  52.1  33.4 0.00  0.1 
 4  8  55.6  38.0 0.02  0.9 
 4  9  58.8  30.0 0.00  1.3 
 4 10  51.5  34.4 0.11  0.1 
 4 11  56.9  31.0 0.00  0.9 
 4 12  63.8  41.5 0.00  4.3 
 4 13  63.4  44.9 0.00  4.9 
 4 14  65.7  44.2 0.00  5.7 
 4 15  72.0  33.9 0.00  6.3 
 4 16  78.5  43.1 0.00 11.5 
 4 17  80.0  38.9 0.00 10.9 
 4 18  81.4  39.7 0.00 11.8 
 4 19  72.6  37.5 0.00  7.3 
 4 20  71.6  45.4 0.01  8.9 
 4 21  73.6  43.3 0.00  9.2 
 4 22  64.3  37.2 0.00  3.8 
 4 23  59.7  36.8 0.00  2.0 
 4 24  53.6  46.0 0.22  0.9 
 4 25  58.5  42.5 0.05  2.3 
 4 26  60.1  41.2 0.01  2.7 
 4 27  67.0  35.5 0.01  4.6 
 4 28  74.0  36.2 0.00  7.6 
 4 29  77.5  42.0 0.00 10.7 
 4 30  71.7  43.0 0.12  8.2 
 5  1  57.8  50.2 0.29  4.0 
 5  2  64.5  45.2 0.01  5.4 
 5  3  66.0  41.6 0.00  5.2 
 5  4  68.2  49.5 0.01  8.8 
 5  5  75.0  46.0 0.00 10.8 
 5  6  61.6  44.7 0.06  4.0 
 5  7  61.1  38.7 0.04  2.8 
 5  8  60.7  32.7 0.01  2.0 
 5  9  63.9  47.0 0.00  5.7 
 5 10  68.6  43.1 0.00  6.8 
 5 11  73.1  44.0 0.00  9.2 
 5 12  77.7  43.3 0.00 11.2 
 5 13  77.9  46.9 0.00 12.5 
 5 14  79.4  49.9 0.00 14.6 
 5 15  78.4  41.3 0.00 10.9 
 5 16  80.7  42.6 0.00 12.4 
 5 17  67.8  41.7 0.00  6.1 
 5 18  63.0  44.4 0.00  4.6 
 5 19  55.5  37.7 0.05  0.8 
 5 20  59.4  33.3 0.00  1.7 
 5 21  64.3  36.6 0.00  3.7 
 5 22  69.4  37.1 0.00  5.8 
 5 23  62.4  40.1 0.00  3.5 
 5 24  61.9  49.0 0.16  5.5 
 5 25  62.9  52.1 0.02  7.5 
 5 26  73.8  40.5 0.00  8.5 
 5 27  63.4  49.5 0.12  6.5 
 5 28  68.0  45.8 0.00  7.3 
 5 29  79.0  45.7 0.00 12.7 
 5 30  83.6  45.9 0.00 15.0 
 5 31  86.9  49.4 0.00 18.1 
 6  1  93.0  57.6 0.00 25.3 
 6  2  89.3  55.4 0.00 22.4 
 6  3  82.8  50.6 0.00 16.7 
 6  4  77.3  48.8 0.00 13.1 
 6  5  65.6  45.0 0.00  5.9 
 6  6  63.5  38.1 0.00  3.6 
 6  7  61.9  47.8 0.02  5.0 
 6  8  65.4  43.3 0.01  5.4 
 6  9  68.6  36.2 0.00  5.3 
 6 10  67.5  41.1 0.00  5.8 
 6 11  68.4  48.8 0.20  8.6 
 6 12  78.9  52.6 0.76 15.8 
 6 13  65.4  59.8 0.66 12.6 
 6 14  73.1  57.4 0.07 15.3 
 6 15  68.2  47.7 0.09  8.1 
 6 16  77.5  49.6 0.00 13.5 
 6 17  81.9  48.2 0.00 15.1 
 6 18  79.0  47.9 0.00 13.5 
 6 19  81.1  49.0 0.00 15.1 
 6 20  88.6  56.6 0.00 22.6 
 6 21  91.5  58.2 0.00 24.9 
 6 22  85.2  53.3 0.00 19.2 
 6 23  83.1  53.5 0.00 18.3 
 6 24  88.1  50.4 0.00 19.2 
 6 25  91.7  57.3 0.00 24.5 
 6 26 100.8  61.3 0.00 31.1 
 6 27 108.2  64.7 0.00 36.5 
 6 28 108.9  64.1 0.00 36.5 
 6 29  88.4  56.4 0.00 22.4 
 6 30  71.8  60.4 0.00 16.1 
 7  1  77.5  62.0 0.00 19.7 
 7  2  85.0  61.7 0.00 23.3 
 7  3  89.2  55.3 0.00 22.3 
 7  4  86.9  53.8 0.00 20.4 
 7  5  87.8  51.1 0.00 19.4 
 7  6  91.7  54.7 0.00 23.2 
 7  7  78.4  56.5 0.00 17.4 
 7  8  79.2  51.2 0.00 15.2 
 7  9  90.2  47.6 0.00 19.0 
 7 10  89.8  53.7 0.00 21.7 
 7 11  88.4  51.3 0.00 19.9 
 7 12  86.9  51.7 0.00 19.3 
 7 13  87.4  50.8 0.00 19.1 
 7 14  85.4  49.6 0.00 17.5 
 7 15  79.2  49.6 0.00 14.4 
 7 16  80.1  47.1 0.00 13.7 
 7 17  82.3  49.3 0.00 15.8 
 7 18  86.1  48.8 0.00 17.5 
 7 19  87.0  51.5 0.00 19.2 
 7 20  80.9  50.4 0.00 15.6 
 7 21  75.6  51.5 0.00 13.6 
 7 22  81.6  54.6 0.00 18.1 
 7 23  86.0  50.2 0.00 18.1 
 7 24  92.2  57.5 0.00 24.9 
 7 25  91.1  55.9 0.00 23.5 
 7 26  90.5  55.5 0.00 23.0 
 7 27  88.5  58.0 0.00 23.2 
 7 28  92.8  55.1 0.00 24.0 
 7 29  97.4  58.8 0.00 28.1 
 7 30  92.5  60.4 0.00 26.4 
 7 31  84.6  66.3 0.00 25.4 
 8  1  91.7  56.4 0.00 24.1 
 8  2  93.8  60.6 0.00 27.2 
 8  3  89.2  56.5 0.00 22.9 
 8  4  95.5  59.0 0.00 27.2 
 8  5  78.9  57.7 0.00 18.3 
 8  6  84.9  57.8 0.00 21.3 
 8  7  86.7  56.9 0.00 21.8 
 8  8  77.9  48.6 0.00 13.3 
 8  9  80.5  56.9 0.00 18.7 
 8 10  93.4  59.3 0.00 26.3 
 8 11 100.3  65.9 0.00 33.1 
 8 12 100.3  64.2 0.00 32.2 
 8 13  94.5  63.3 0.00 28.9 
 8 14  94.5  60.2 0.00 27.3 
 8 15  94.3  58.4 0.00 26.4 
 8 16  83.6  53.1 0.00 18.4 
 8 17  71.6  52.6 0.00 12.1 
 8 18  82.9  46.5 0.00 14.9 
 8 19  82.3  48.8 0.00 15.6 
 8 20  74.5  50.6 0.00 12.5 
 8 21  73.5  55.9 0.00 14.7 
 8 22  68.6  52.4 0.00 10.5 
 8 23  74.3  47.9 0.00 11.2 
 8 24  83.1  47.5 0.00 15.4 
 8 25  79.5  48.1 0.00 13.9 
 8 26  78.8  59.7 0.00 19.2 
 8 27  75.4  57.7 0.00 16.6 
 8 28  86.6  50.6 0.00 18.6 
 8 29  88.0  54.5 0.00 21.3 
 8 30  72.9  48.0 0.00 10.6 
 8 31  72.0  49.7 0.00 10.8 
 9  1  76.9  46.2 0.00 11.8 
 9  2  83.2  48.7 0.00 16.0 
 9  3  83.7  46.0 0.00 15.1 
 9  4  88.3  46.1 0.00 17.4 
 9  5  85.6  52.9 0.00 19.2 
 9  6  83.0  54.9 0.00 18.9 
 9  7  84.0  55.8 0.00 19.9 
 9  8  89.1  51.5 0.00 20.3 
 9  9  84.6  52.2 0.00 18.4 
 9 10  72.5  51.6 0.00 12.1 
 9 11  79.9  45.6 0.00 13.0 
 9 12  75.9  52.1 0.00 14.0 
 9 13  74.7  49.0 0.00 11.9 
 9 14  83.4  47.6 0.00 15.6 
 9 15  74.7  49.4 0.00 12.0 
 9 16  73.7  42.9 0.00  9.1 
 9 17  77.1  43.2 0.05 10.8 
 9 18  66.5  55.6 0.79 11.0 
 9 19  66.4  54.1 0.27 10.3 
 9 20  70.0  48.1 0.00  9.1 
 9 21  81.0  52.3 0.00 16.7 
 9 22  71.8  51.4 0.11 11.6 
 9 23  74.6  54.8 0.00 14.7 
 9 24  86.1  52.2 0.00 19.1 
 9 25  81.7  49.1 0.00 15.4 
 9 26  76.0  55.6 0.00 15.8 
 9 27  64.6  49.6 1.36  7.1 
 9 28  64.0  45.5 0.09  5.3 
 9 29  69.5  43.5 0.00  7.3 
 9 30  66.2  52.1 0.01  9.2 
10  1  65.6  50.4 0.00  8.0 
10  2  70.2  39.6 0.00  6.7 
10  3  71.7  41.5 0.01  7.8 
10  4  62.4  51.5 0.00  6.9 
10  5  56.4  48.4 0.15  2.6 
10  6  61.6  46.1 0.00  4.3 
10  7  60.6  40.6 0.00  2.8 
10  8  60.3  36.3 0.00  2.2 
10  9  64.4  39.8 0.00  4.2 
10 10  59.0  44.0 0.06  2.7 
10 11  58.8  39.1 0.00  1.9 
10 12  54.2  33.0 0.23  0.4 
10 13  52.7  42.0 0.03  0.3 
10 14  60.6  44.9 0.06  3.6 
10 15  66.5  41.9 0.01  5.5 
10 16  67.1  40.6 0.01  5.5 
10 17  62.9  42.7 0.00  4.1 
10 18  55.1  43.8 0.01  1.1 
10 19  54.0  38.8 0.07  0.5 
10 20  60.9  49.9 0.03  5.4 
10 21  66.3  44.3 0.63  6.0 
10 22  57.6  50.5 0.10  4.0 
10 23  55.8  51.2 0.06  3.5 
10 24  57.7  50.0 0.22  3.8 
10 25  55.1  49.7 0.42  2.4 
10 26  56.7  49.9 0.23  3.3 
10 27  56.9  49.5 0.12  3.2 
10 28  68.2  53.5 0.01 10.9 
10 29  62.4  46.4 0.14  4.8 
10 30  62.2  46.1 0.00  4.6 
10 31  61.2  45.2 0.00  3.9 
11  1  53.4  44.1 0.23  0.6 
11  2  54.0  49.7 0.02  1.9 
11  3  59.5  50.0 0.50  4.7 
11  4  58.0  50.1 0.27  4.1 
11  5  55.1  46.7 0.23  1.5 
11  6  51.7  42.5 0.29  0.2 
11  7  48.7  40.1 0.32  0.0 
11  8  50.2  33.7 0.06  0.0 
11  9  54.9  43.4 0.28  1.1 
11 10  55.3  41.8 0.65  1.0 
11 11  64.7  51.8 0.64  8.2 
11 12  63.3  56.5 0.20  9.9 
11 13  54.7  50.9 0.02  2.8 #Px
11 14  65.5  57.1 0.00 11.3 
11 15  58.9  40.6 0.30  2.1 
11 16  53.1  32.1 0.00  0.2 
11 17  49.5  37.2 0.00  0.0 
11 18  51.9  40.0 0.09  0.1 
11 19  53.6  40.9 0.02  0.5 
11 20  52.0  31.5 0.00  0.1 
11 21  38.3  29.9 0.00  0.0 
11 22  47.8  34.5 0.09  0.0 
11 23  53.0  34.5 0.07  0.2 
11 24  40.9  33.3 0.01  0.0 
11 25  54.4  36.5 0.00  0.6 
11 26  54.5  45.7 0.25  1.1 
11 27  61.0  49.5 0.07  5.3 
11 28  61.8  49.2 0.01  5.5 
11 29  61.6  44.1 0.05  3.8 
11 30  58.4  44.1 0.01  2.5 
12  1  64.0  41.0 0.00  4.3 
12  2  54.7  40.2 0.01  0.8 
12  3  47.9  32.7 0.00  0.0 
12  4  52.5  33.9 0.05  0.2 
12  5  48.8  30.6 0.00  0.0 
12  6  48.1  38.4 0.61  0.0 
12  7  56.8  47.8 0.03  2.6 
12  8  51.2  35.5 0.05  0.1 
12  9  43.5  32.5 0.10  0.0 
12 10  46.2  33.6 0.03  0.0 
12 11  47.3  43.3 1.25  0.0 
12 12  46.0  40.0 0.64  0.0 
12 13  41.4  33.2 0.46  0.0 
12 14  41.7  29.2 0.02  0.0 
12 15  44.9  36.3 0.18  0.0 
12 16  47.1  36.0 0.12  0.0 
12 17  48.0  39.2 0.04  0.0 
12 18  51.3  41.0 0.00  0.1 
12 19  40.8  35.8 1.81  0.0 
12 20  44.3  39.8 1.42  0.0 
12 21  43.3  36.1 0.09  0.0 
12 22  48.9  42.8 0.55  0.0 
12 23  48.5  39.8 0.24  0.0 
12 24  41.7  35.5 0.87  0.0 
12 25  39.9  32.7 0.29  0.0 
12 26  35.0  30.7 0.24  0.0 
12 27  32.3  20.4 0.21  0.0 
12 28  46.1  31.6 0.19  0.0 #Px
12 29  34.2  29.1 0.00  0.0 
12 30  42.7  31.2 0.15  0.0 
12 31  45.6  32.1  M    0.0 #HxHn
